rent-data/shapefiles/interpolated/interpolated.asc
NCOLS 600
NROWS 600
XLLCORNER -122.315
YLLCORNER 37.8084
DX 0.00018
DY 0.00019
NODATA_VALUE -9999
[rows 156 to 181 of 600, columns 180 to 239 of 600]
1162.6698 1162.2596 1161.8223 1161.3562 1160.8584 1160.3243 1159.7477 1159.1205 1158.4328 1157.6728 1156.8265 1155.878 1154.8101 1153.6055 1152.2486 1150.7301 1149.0528 1147.2416 1145.3553 1143.4992 1141.8303 1140.5462 1139.8485 1139.8835 1140.6866 1142.1609 1144.1063 1146.2781 1148.4467 1150.4346 1152.1321 1153.4936 1154.5232 1155.2535 1155.7255 1155.9757 1156.0298 1155.9019 1155.5951 1155.1033 1154.4104 1153.4902 1152.3029 1150.7914 1148.8737 1146.4335 1143.3071 1139.2695 1134.0307 1127.2712 1118.7971 1108.9539 1099.3343 1093.092 1093.2797 1099.8735 1109.7556 1119.7183 1128.166 1134.7868
1161.8528 1161.4795 1161.0757 1160.6388 1160.1645 1159.6468 1159.0777 1158.4466 1157.7405 1156.9431 1156.0345 1154.9911 1153.7849 1152.3844 1150.7562 1148.8687 1146.7004 1144.2541 1141.5796 1138.8035 1136.1566 1133.9748 1132.6416 1132.4638 1133.5329 1135.6714 1138.5089 1141.6282 1144.684 1147.451 1149.8154 1151.7455 1153.259 1154.3975 1155.2087 1155.7354 1156.0106 1156.0557 1155.8806 1155.4832 1154.8496 1153.9513 1152.7416 1151.1486 1149.0628 1146.3186 1142.6626 1137.7059 1130.8559 1121.2453 1107.7767 1089.7194 1068.8744 1053.084 1053.2435 1069.4502 1090.7226 1109.0103 1122.4867 1131.9496
1161.0928 1160.7514 1160.377 1159.9659 1159.5126 1159.0096 1158.4468 1157.8112 1157.0862 1156.2506 1155.2775 1154.1337 1152.7774 1151.1579 1149.2146 1146.8798 1144.0849 1140.7792 1136.9646 1132.7579 1128.4732 1124.6819 1122.1522 1121.5783 1123.2026 1126.6482 1131.1405 1135.8954 1140.363 1144.2616 1147.5033 1150.1084 1152.1446 1153.6918 1154.8247 1155.6052 1156.0801 1156.2808 1156.2243 1155.9133 1155.3358 1154.4622 1153.2406 1151.5869 1149.3682 1146.3734 1142.2601 1136.4586 1127.9916 1115.1439 1094.9297 1062.7805 1015.8356 969.97376 969.59599 1015.8273 1063.7384 1096.3997 1116.688 1129.3684
1160.384 1160.0709 1159.7229 1159.3356 1158.9021 1158.4136 1157.8581 1157.22 1156.4788 1155.6084 1154.5744 1153.3324 1151.8243 1149.9749 1147.6873 1144.8392 1141.2833 1136.8599 1131.4391 1125.0233 1117.9436 1111.1194 1106.1389 1104.7094 1107.5127 1113.6114 1121.1984 1128.7255 1135.3566 1140.8295 1145.1854 1148.578 1151.1787 1153.1392 1154.5813 1155.5973 1156.2534 1156.5941 1156.6449 1156.4141 1155.8925 1155.0514 1153.8368 1152.1586 1149.8704 1146.7332 1142.3447 1136.0012 1126.4055 1111.0158 1084.518 1035.3984 942.46701 812.96293 809.81984 940.29909 1035.9455 1086.1263 1112.7987 1127.9952
1159.7203 1159.433 1159.1098 1158.7454 1158.332 1157.8595 1157.3141 1156.6778 1155.927 1155.0301 1153.9455 1152.6173 1150.9699 1148.9002 1146.267 1142.8762 1138.4642 1132.6857 1125.1293 1115.4284 1103.6102 1090.864 1080.4405 1076.9348 1082.4956 1094.3468 1107.8366 1119.9656 1129.7554 1137.2863 1142.9686 1147.2272 1150.4085 1152.7711 1154.5013 1155.7298 1156.5468 1157.0112 1157.1579 1157.0012 1156.5362 1155.7372 1154.5523 1152.8933 1150.615 1147.478 1143.0751 1136.6826 1126.9382 1111.0894 1083.0916 1028.6041 915.1532 729.43083 723.75983 911.68336 1029.0267 1084.8433 1113.0515 1128.6651
1159.0961 1158.8329 1158.5338 1158.1925 1157.8006 1157.3469 1156.8163 1156.1888 1155.4379 1154.5278 1153.4102 1152.019 1150.2619 1148.0085 1145.0709 1141.1745 1135.9118 1128.6766 1118.5852 1104.4515 1085.1 1060.8675 1037.4766 1028.3077 1041.323 1066.4186 1090.9123 1110.1149 1124.0609 1133.991 1141.0811 1146.1941 1149.9162 1152.6373 1154.6162 1156.0249 1156.9769 1157.5458 1157.7751 1157.6854 1157.2764 1156.5272 1155.3921 1153.7922 1151.5986 1148.6006 1144.4457 1138.5197 1129.7026 1115.8454 1092.6447 1051.5563 979.92159 891.69655 890.09935 978.99624 1052.6282 1094.6306 1117.962 1131.5163
1158.5056 1158.2657 1157.9905 1157.6734 1157.3053 1156.8744 1156.3647 1155.7549 1155.0164 1154.1106 1152.9844 1151.564 1149.7443 1147.3731 1144.2236 1139.9494 1134.0049 1125.5069 1112.9923 1094.0313 1064.8312 1021.0961 966.47906 939.20251 976.84993 1031.472 1073.116 1101.036 1119.3526 1131.5363 1139.8447 1145.6541 1149.799 1152.7931 1154.9591 1156.5033 1157.5584 1158.2088 1158.5052 1158.4728 1158.1159 1157.4192 1156.3452 1154.8296 1152.7696 1150.0036 1146.2729 1141.1525 1133.9252 1123.3737 1107.5276 1083.8528 1052.1713 1024.1904 1024.2898 1052.9617 1085.595 1109.8254 1125.7085 1135.8565
1157.9429 1157.7261 1157.4753 1157.1838 1156.8424 1156.439 1155.9572 1155.3753 1154.6638 1153.7828 1152.6772 1151.2694 1149.4482 1147.0501 1143.8274 1139.3932 1133.1196 1123.9458 1110.0004 1087.8536 1051.1026 988.19353 879.30359 758.69427 918.71236 1008.0486 1062.2674 1096.0424 1117.0898 1130.5937 1139.5816 1145.7679 1150.1398 1153.2829 1155.555 1157.1805 1158.3015 1159.0078 1159.3533 1159.366 1159.0534 1158.4045 1157.3902 1155.9613 1154.0433 1151.5283 1148.2599 1144.0085 1138.436 1131.0685 1121.3705 1109.2019 1096.1183 1086.9149 1087.4042 1097.6009 1111.5557 1124.2162 1133.8817 1140.6778
1157.4022 1157.2083 1156.9826 1156.7186 1156.4071 1156.0362 1155.5897 1155.0463 1154.377 1153.5425 1152.4885 1151.1387 1149.3835 1147.0617 1143.9294 1139.6055 1133.4724 1124.4887 1110.8305 1089.2136 1053.8508 996.6837 923.38064 1155.402 1000.3617 1021.1084 1065.9237 1097.803 1118.2965 1131.5846 1140.4754 1146.6191 1150.9782 1154.1262 1156.4143 1158.0626 1159.2106 1159.946 1160.3219 1160.3657 1160.0855 1159.4727 1158.5034 1157.1388 1155.3264 1153.001 1150.0892 1146.5161 1142.2177 1137.1652 1131.435 1125.3951 1120.0221 1116.9837 1117.7733 1122.2971 1128.8333 1135.4651 1141.0606 1145.2313
1156.8773 1156.7063 1156.5065 1156.2717 1155.9932 1155.6595 1155.2554 1154.7607 1154.1481 1153.3808 1152.4081 1151.1596 1149.5347 1147.3878 1144.5021 1140.5464 1135.001 1127.0301 1115.2748 1097.5884 1071.1468 1035.4572 1006.6104 1019.2699 1029.3569 1050.5572 1081.0786 1105.6393 1122.7448 1134.4053 1142.4694 1148.1733 1152.2921 1155.3087 1157.528 1159.1446 1160.2833 1161.0232 1161.4114 1161.472 1161.2107 1160.6173 1159.6676 1158.3247 1156.5427 1154.2746 1151.4903 1148.2089 1144.5451 1140.7501 1137.2072 1134.3583 1132.6213 1132.3463 1133.7026 1136.4779 1140.0624 1143.7258 1146.893 1149.2093
1156.3617 1156.2136 1156.0404 1155.8363 1155.5933 1155.301 1154.9454 1154.5083 1153.965 1153.2826 1152.4164 1151.3052 1149.8632 1147.9693 1145.4489 1142.047 1137.3868 1130.9139 1121.841 1109.1912 1092.2928 1072.6068 1056.8734 1053.8701 1063.0905 1080.2199 1099.623 1116.3681 1129.1379 1138.482 1145.2871 1150.287 1154.0024 1156.7853 1158.8699 1160.4115 1161.5119 1162.236 1162.6218 1162.6868 1162.4314 1161.8397 1160.8806 1159.5068 1157.6571 1155.2639 1152.2769 1148.7207 1144.8021 1141.0424 1138.2744 1137.261 1138.0957 1140.1425 1142.6565 1145.2239 1147.6702 1149.8509 1151.5806 1152.6343
1155.849 1155.7234 1155.577 1155.4045 1155.1991 1154.9513 1154.6491 1154.2764 1153.812 1153.2279 1152.4867 1151.5382 1150.3141 1148.7214 1146.6323 1143.8712 1140.2011 1135.3147 1128.8586 1120.5558 1110.5658 1100.1807 1092.3379 1090.3538 1095.1863 1104.8936 1116.346 1127.081 1136.0308 1143.0957 1148.5576 1152.7602 1155.9971 1158.4911 1160.4021 1161.8416 1162.8848 1163.5798 1163.9533 1164.0144 1163.7557 1163.1526 1162.1602 1160.7087 1158.6958 1155.981 1152.3929 1147.7874 1142.2491 1136.5544 1132.6587 1132.9134 1137.4163 1143.3729 1148.2144 1151.379 1153.371 1154.681 1155.4824 1155.68
1155.3321 1155.2284 1155.1085 1154.9681 1154.8011 1154.5999 1154.3541 1154.0503 1153.6711 1153.1936 1152.5883 1151.8161 1150.8264 1149.5528 1147.9096 1145.7888 1143.0604 1139.5849 1135.2535 1130.0839 1124.3963 1119.0238 1115.3132 1114.5923 1117.314 1122.743 1129.4964 1136.3177 1142.467 1147.6759 1151.9484 1155.3982 1158.1607 1160.3569 1162.0832 1163.4109 1164.3895 1165.0501 1165.4076 1165.4622 1165.1977 1164.579 1163.5444 1161.9929 1159.7605 1156.5803 1152.0218 1145.4354 1136.0826 1124.1624 1113.8927 1114.6909 1128.7011 1144.2099 1153.3379 1157.1271 1158.4419 1158.8692 1158.9079 1158.5154
1154.804 1154.7209 1154.6267 1154.5178 1154.3895 1154.2354 1154.0472 1153.8144 1153.523 1153.1556 1152.6897 1152.0969 1151.3416 1150.3802 1149.16 1147.6216 1145.7048 1143.364 1140.5995 1137.5113 1134.3687 1131.656 1130.0092 1129.986 1131.7733 1135.0744 1139.2791 1143.7552 1148.044 1151.8991 1155.234 1158.0524 1160.3975 1162.3225 1163.8763 1165.098 1166.0152 1166.644 1166.9884 1167.04 1166.7751 1166.1489 1165.0845 1163.4512 1161.0214 1157.3811 1151.7415 1142.5403 1126.7166 1099.5463 1063.4081 1058.018 1107.9332 1149.6454 1163.2472 1164.8096 1163.8126 1162.7831 1161.9983 1161.1922
1154.2573 1154.1932 1154.1231 1154.0445 1153.9537 1153.8459 1153.7149 1153.5526 1153.3487 1153.0902 1152.7612 1152.3422 1151.8098 1151.1374 1150.2957 1149.2565 1147.9992 1146.5223 1144.8627 1143.1207 1141.4826 1140.2207 1139.6455 1140.0051 1141.3776 1143.6301 1146.4783 1149.5971 1152.714 1155.6471 1158.2989 1160.6316 1162.6423 1164.3437 1165.7533 1166.8869 1167.755 1168.3614 1168.7013 1168.7595 1168.5066 1167.8922 1166.8312 1165.1773 1162.6666 1158.7922 1152.5008 1141.387 1119.3475 1069.601 956.32135 884.63868 1099.4913 1190.9245 1187.1567 1176.0057 1169.5721 1166.3281 1164.6538 1163.5967
1153.6843 1153.6368 1153.5886 1153.5381 1153.4827 1153.4193 1153.3433 1153.249 1153.1294 1152.9754 1152.7765 1152.5199 1152.1918 1151.7771 1151.2618 1150.6357 1149.8977 1149.0631 1148.1737 1147.3076 1146.5846 1146.1574 1146.1833 1146.7785 1147.9761 1149.71 1151.8374 1154.1842 1156.5881 1158.9239 1161.1087 1163.095 1164.8598 1166.3947 1167.6977 1168.769 1169.6069 1170.2058 1170.5544 1170.6328 1170.4092 1169.8324 1168.8195 1167.2304 1164.8147 1161.0934 1155.071 1144.4626 1123.3746 1074.8245 955.11032 876.95804 1351.1133 1318.8971 1222.2884 1187.1448 1174.1685 1168.8619 1166.5534 1165.4851
1153.0772 1153.0434 1153.0141 1152.9886 1152.9656 1152.9431 1152.9185 1152.8881 1152.8475 1152.7911 1152.7124 1152.604 1152.4584 1152.2683 1152.0287 1151.7389 1151.4056 1151.0478 1150.701 1150.4205 1150.2812 1150.3693 1150.7671 1151.5314 1152.6753 1154.1623 1155.9148 1157.8341 1159.821 1161.7904 1163.6775 1165.437 1167.0396 1168.4664 1169.7046 1170.7442 1171.5751 1172.1854 1172.5589 1172.6734 1172.4971 1171.983 1171.0597 1169.6124 1167.4484 1164.2248 1159.2984 1151.4136 1138.1781 1116.5086 1096.0469 1164.4323 1374.4545 1323.8436 1226.7475 1189.2813 1175.2414 1169.5768 1167.3116 1166.5762
1152.4278 1152.4039 1152.3898 1152.3854 1152.3907 1152.4049 1152.4268 1152.4548 1152.4865 1152.5192 1152.5494 1152.5737 1152.5887 1152.5921 1152.5837 1152.5668 1152.5506 1152.5522 1152.5985 1152.7268 1152.9832 1153.4171 1154.0723 1154.977 1156.1353 1157.5244 1159.0987 1160.7983 1162.56 1164.3246 1166.0424 1167.6738 1169.1885 1170.5632 1171.7792 1172.8201 1173.6704 1174.3134 1174.7301 1174.897 1174.7842 1174.3516 1173.5432 1172.2782 1170.4362 1167.8359 1164.2143 1159.2601 1152.9701 1147.3454 1151.3891 1182.4033 1227.3749 1227.4748 1200.5579 1181.7184 1172.3122 1168.1261 1166.6529 1166.6277
1151.7275 1151.7093 1151.7057 1151.7178 1151.7464 1151.7918 1151.8544 1151.934 1152.0303 1152.1426 1152.27 1152.4116 1152.567 1152.7366 1152.9226 1153.1297 1153.3666 1153.6469 1153.9897 1154.4196 1154.9644 1155.6526 1156.5076 1157.543 1158.7586 1160.1384 1161.6532 1163.2641 1164.9282 1166.6029 1168.2493 1169.8331 1171.3251 1172.7001 1173.9362 1175.0129 1175.9108 1176.6099 1177.089 1177.3244 1177.2882 1176.9469 1176.2593 1175.1738 1173.6285 1171.5577 1168.9234 1165.8206 1162.7692 1161.3157 1164.4344 1174.0571 1184.5363 1185.8461 1179.0193 1171.5417 1166.714 1164.5772 1164.3861 1165.4322
1150.9672 1150.9495 1150.9514 1150.9744 1151.0203 1151.0907 1151.187 1151.3107 1151.463 1151.6451 1151.8579 1152.1025 1152.3804 1152.6934 1153.0448 1153.4394 1153.8841 1154.3891 1154.9673 1155.6341 1156.4063 1157.2998 1158.3269 1159.4936 1160.7971 1162.2254 1163.758 1165.3678 1167.0236 1168.6932 1170.3447 1171.948 1173.4751 1174.8999 1176.198 1177.3463 1178.322 1179.1026 1179.665 1179.9849 1180.036 1179.7895 1179.2136 1178.2752 1176.9446 1175.2087 1173.1026 1170.7738 1168.5885 1167.2099 1167.3701 1168.9652 1170.1861 1168.8791 1165.2048 1161.2836 1158.9195 1158.6702 1160.1672 1162.7445
1150.1373 1150.1144 1150.1155 1150.1429 1150.1994 1150.2874 1150.4097 1150.569 1150.7681 1151.0097 1151.2965 1151.631 1152.0159 1152.4542 1152.9491 1153.5048 1154.1266 1154.8214 1155.5971 1156.4632 1157.4291 1158.5033 1159.6917 1160.9959 1162.4122 1163.9307 1165.5361 1167.2078 1168.9222 1170.6528 1172.3727 1174.054 1175.6695 1177.1921 1178.5951 1179.8526 1180.939 1181.829 1182.4977 1182.9196 1183.0688 1182.9181 1182.4398 1181.6071 1180.3995 1178.8113 1176.8693 1174.6554 1172.3218 1170.057 1167.9337 1165.6643 1162.5686 1158.1413 1152.9128 1148.6256 1147.1782 1149.0757 1153.2272 1158.2248
1149.2274 1149.1927 1149.186 1149.2105 1149.2696 1149.3669 1149.5063 1149.6918 1149.9277 1150.2182 1150.5677 1150.9801 1151.459 1152.0081 1152.6305 1153.3296 1154.1087 1154.972 1155.9238 1156.9689 1158.112 1159.3569 1160.7057 1162.1578 1163.7091 1165.3512 1167.0722 1168.8557 1170.6823 1172.5299 1174.3737 1176.1874 1177.9433 1179.6126 1181.1659 1182.5739 1183.8076 1184.8388 1185.64 1186.1844 1186.445 1186.3942 1186.0033 1185.2434 1184.0877 1182.5153 1180.5159 1178.091 1175.2392 1171.91 1167.9129 1162.8207 1155.9918 1146.9408 1136.3803 1127.7536 1126.1717 1132.4796 1142.2044 1151.5287
1148.2262 1148.1721 1148.1498 1148.1629 1148.2157 1148.3126 1148.4588 1148.6597 1148.9213 1149.2495 1149.6503 1150.1292 1150.6911 1151.34 1152.0789 1152.9103 1153.8357 1154.8566 1155.9743 1157.1901 1158.5052 1159.9204 1161.4356 1163.0489 1164.7565 1166.5517 1168.4248 1170.3627 1172.3492 1174.3643 1176.3851 1178.3853 1180.3356 1182.2044 1183.9584 1185.5639 1186.9872 1188.1965 1189.1613 1189.8531 1190.2435 1190.3033 1190.0002 1189.2982 1188.1564 1186.5295 1184.365 1181.5953 1178.1135 1173.7201 1168.0249 1160.2818 1149.1483 1132.5196 1108.803 1084.4284 1080.7921 1101.7572 1125.5713 1142.7907
1147.1213 1147.0394 1146.9925 1146.9847 1147.0207 1147.1061 1147.2471 1147.4508 1147.7252 1148.0783 1148.5182 1149.0525 1149.6874 1150.4278 1151.2766 1152.235 1153.3029 1154.4789 1155.7614 1157.1485 1158.6388 1160.2307 1161.923 1163.7134 1165.599 1167.5749 1169.6339 1171.7658 1173.9569 1176.1896 1178.4416 1180.6857 1182.8901 1185.0189 1187.0328 1188.8915 1190.5551 1191.9864 1193.1519 1194.0213 1194.566 1194.7559 1194.5551 1193.9184 1192.788 1191.0908 1188.7335 1185.5916 1181.4829 1176.1075 1168.9122 1158.7773 1143.229 1116.389 1064.8798 980.56565 964.77923 1047.6573 1104.9866 1133.7184
1145.8985 1145.7795 1145.698 1145.6584 1145.6657 1145.7264 1145.8479 1146.0394 1146.311 1146.6737 1147.1387 1147.7162 1148.4147 1149.2404 1150.1962 1151.282 1152.4952 1153.8314 1155.2854 1156.8522 1158.5275 1160.3082 1162.1922 1164.1778 1166.2637 1168.4475 1170.7251 1173.0899 1175.5312 1178.0336 1180.5755 1183.1287 1185.6574 1188.119 1190.4656 1192.647 1194.6135 1196.3205 1197.7304 1198.8129 1199.5419 1199.89 1199.8208 1199.2811 1198.1954 1196.4607 1193.9426 1190.4662 1185.7951 1179.5763 1171.2006 1159.4254 1141.2642 1108.2943 1032.8909 843.20207 791.66686 1002.958 1092.5849 1127.8972
1144.5419 1144.3757 1144.2486 1144.1649 1144.1297 1144.15 1144.2347 1144.3949 1144.6441 1144.9971 1145.4694 1146.0756 1146.8277 1147.7339 1148.7974 1150.0167 1151.3855 1152.895 1154.5355 1156.2978 1158.1746 1160.161 1162.2549 1164.4559 1166.7652 1169.1841 1171.7131 1174.3502 1177.0892 1179.9182 1182.8173 1185.7567 1188.6958 1191.5827 1194.3566 1196.9513 1199.3017 1201.3511 1203.0565 1204.3902 1205.3352 1205.8752 1205.9809 1205.5962 1204.6276 1202.9389 1200.3482 1196.626 1191.4858 1184.5562 1175.2973 1162.7521 1144.8141 1116.1041 1062.8006 971.16756 952.4941 1042.1921 1098.9713 1126.8787
