rent-data/shapefiles/interpolated/interpolated.asc
NCOLS 600
NROWS 600
XLLCORNER -122.315
YLLCORNER 37.8084
DX 0.00018
DY 0.00019
NODATA_VALUE -9999
[rows 390 to 415 of 600, columns 0 to 59 of 600]
1159.6344 1159.6296 1159.6249 1159.6203 1159.6159 1159.6116 1159.6075 1159.6036 1159.5998 1159.5962 1159.5927 1159.5895 1159.5865 1159.5836 1159.581 1159.5786 1159.5764 1159.5745 1159.5728 1159.5714 1159.5702 1159.5694 1159.5688 1159.5685 1159.5685 1159.5688 1159.5695 1159.5705 1159.5719 1159.5737 1159.5758 1159.5783 1159.5813 1159.5846 1159.5884 1159.5927 1159.5974 1159.6027 1159.6084 1159.6146 1159.6214 1159.6288 1159.6367 1159.6452 1159.6543 1159.6641 1159.6745 1159.6856 1159.6974 1159.7099 1159.7232 1159.7372 1159.752 1159.7677 1159.7841 1159.8015 1159.8197 1159.8389 1159.859 1159.8801
1159.6854 1159.6808 1159.6762 1159.6718 1159.6675 1159.6634 1159.6595 1159.6557 1159.652 1159.6486 1159.6453 1159.6422 1159.6393 1159.6366 1159.6341 1159.6318 1159.6298 1159.628 1159.6264 1159.6252 1159.6241 1159.6234 1159.6229 1159.6227 1159.6228 1159.6233 1159.6241 1159.6252 1159.6267 1159.6285 1159.6307 1159.6333 1159.6364 1159.6398 1159.6437 1159.648 1159.6528 1159.6581 1159.6638 1159.6701 1159.6769 1159.6843 1159.6922 1159.7007 1159.7098 1159.7196 1159.73 1159.741 1159.7528 1159.7652 1159.7784 1159.7923 1159.807 1159.8226 1159.8389 1159.8561 1159.8741 1159.8931 1159.913 1159.9338
1159.7367 1159.7322 1159.7278 1159.7236 1159.7195 1159.7155 1159.7117 1159.708 1159.7045 1159.7012 1159.6981 1159.6951 1159.6923 1159.6898 1159.6874 1159.6853 1159.6834 1159.6817 1159.6803 1159.6791 1159.6782 1159.6775 1159.6772 1159.6771 1159.6773 1159.6779 1159.6788 1159.68 1159.6815 1159.6834 1159.6857 1159.6884 1159.6915 1159.695 1159.6989 1159.7033 1159.7081 1159.7134 1159.7192 1159.7255 1159.7324 1159.7397 1159.7476 1159.7561 1159.7652 1159.7749 1159.7853 1159.7963 1159.8079 1159.8203 1159.8334 1159.8472 1159.8618 1159.8771 1159.8933 1159.9103 1159.9281 1159.9469 1159.9665 1159.9871
1159.7883 1159.784 1159.7797 1159.7756 1159.7717 1159.7678 1159.7642 1159.7607 1159.7573 1159.7541 1159.7511 1159.7483 1159.7457 1159.7432 1159.741 1159.739 1159.7372 1159.7357 1159.7343 1159.7333 1159.7325 1159.7319 1159.7317 1159.7317 1159.732 1159.7326 1159.7336 1159.7349 1159.7365 1159.7385 1159.7409 1159.7436 1159.7467 1159.7503 1159.7542 1159.7586 1159.7635 1159.7688 1159.7746 1159.7809 1159.7878 1159.7951 1159.803 1159.8115 1159.8205 1159.8302 1159.8404 1159.8513 1159.8629 1159.8752 1159.8881 1159.9018 1159.9162 1159.9314 1159.9474 1159.9642 1159.9818 1160.0003 1160.0197 1160.0399
1159.8403 1159.8361 1159.832 1159.828 1159.8242 1159.8205 1159.817 1159.8136 1159.8104 1159.8073 1159.8045 1159.8018 1159.7993 1159.797 1159.7948 1159.793 1159.7913 1159.7898 1159.7886 1159.7877 1159.7869 1159.7865 1159.7863 1159.7864 1159.7868 1159.7876 1159.7886 1159.7899 1159.7916 1159.7937 1159.7961 1159.7989 1159.8021 1159.8056 1159.8096 1159.8141 1159.8189 1159.8242 1159.83 1159.8363 1159.8431 1159.8504 1159.8583 1159.8667 1159.8757 1159.8853 1159.8955 1159.9063 1159.9177 1159.9299 1159.9427 1159.9562 1159.9705 1159.9855 1160.0012 1160.0178 1160.0352 1160.0534 1160.0725 1160.0924
1159.8925 1159.8885 1159.8845 1159.8807 1159.877 1159.8735 1159.8701 1159.8669 1159.8638 1159.8609 1159.8581 1159.8555 1159.8531 1159.851 1159.849 1159.8472 1159.8456 1159.8443 1159.8432 1159.8423 1159.8417 1159.8413 1159.8412 1159.8414 1159.8419 1159.8427 1159.8438 1159.8452 1159.8469 1159.849 1159.8515 1159.8543 1159.8575 1159.8611 1159.8651 1159.8695 1159.8744 1159.8797 1159.8855 1159.8918 1159.8985 1159.9058 1159.9136 1159.9219 1159.9308 1159.9403 1159.9504 1159.9611 1159.9724 1159.9844 1159.9971 1160.0104 1160.0245 1160.0393 1160.0548 1160.0711 1160.0882 1160.1062 1160.1249 1160.1446
1159.9451 1159.9412 1159.9374 1159.9338 1159.9302 1159.9268 1159.9236 1159.9204 1159.9175 1159.9147 1159.9121 1159.9096 1159.9073 1159.9053 1159.9034 1159.9017 1159.9002 1159.899 1159.8979 1159.8972 1159.8966 1159.8964 1159.8963 1159.8966 1159.8971 1159.898 1159.8991 1159.9006 1159.9024 1159.9045 1159.907 1159.9099 1159.9131 1159.9167 1159.9207 1159.9251 1159.93 1159.9353 1159.941 1159.9472 1159.9539 1159.9612 1159.9689 1159.9771 1159.986 1159.9953 1160.0053 1160.0159 1160.027 1160.0389 1160.0513 1160.0645 1160.0783 1160.0929 1160.1082 1160.1243 1160.1411 1160.1587 1160.1771 1160.1964
1159.9981 1159.9943 1159.9907 1159.9872 1159.9837 1159.9805 1159.9773 1159.9744 1159.9715 1159.9688 1159.9663 1159.964 1159.9618 1159.9599 1159.9581 1159.9565 1159.9551 1159.954 1159.953 1159.9523 1159.9519 1159.9517 1159.9517 1159.952 1159.9526 1159.9535 1159.9547 1159.9562 1159.9581 1159.9602 1159.9627 1159.9656 1159.9688 1159.9724 1159.9764 1159.9808 1159.9856 1159.9909 1159.9966 1160.0028 1160.0094 1160.0166 1160.0242 1160.0324 1160.0411 1160.0503 1160.0601 1160.0706 1160.0816 1160.0932 1160.1055 1160.1185 1160.1321 1160.1464 1160.1614 1160.1772 1160.1937 1160.211 1160.2291 1160.248
1160.0515 1160.0478 1160.0443 1160.0409 1160.0376 1160.0345 1160.0315 1160.0286 1160.0259 1160.0234 1160.021 1160.0187 1160.0167 1160.0148 1160.0131 1160.0116 1160.0103 1160.0093 1160.0084 1160.0078 1160.0074 1160.0073 1160.0074 1160.0077 1160.0084 1160.0093 1160.0106 1160.0121 1160.0139 1160.0161 1160.0186 1160.0215 1160.0247 1160.0283 1160.0323 1160.0367 1160.0415 1160.0467 1160.0523 1160.0584 1160.065 1160.072 1160.0796 1160.0876 1160.0962 1160.1053 1160.115 1160.1252 1160.1361 1160.1475 1160.1596 1160.1723 1160.1857 1160.1998 1160.2145 1160.23 1160.2462 1160.2631 1160.2808 1160.2993
1160.1052 1160.1017 1160.0983 1160.0951 1160.0919 1160.0889 1160.086 1160.0833 1160.0807 1160.0782 1160.0759 1160.0738 1160.0718 1160.0701 1160.0685 1160.0671 1160.0659 1160.0649 1160.0641 1160.0635 1160.0632 1160.0631 1160.0633 1160.0637 1160.0644 1160.0654 1160.0666 1160.0682 1160.0701 1160.0723 1160.0748 1160.0776 1160.0808 1160.0844 1160.0883 1160.0927 1160.0974 1160.1026 1160.1082 1160.1142 1160.1207 1160.1276 1160.135 1160.143 1160.1514 1160.1604 1160.1699 1160.1799 1160.1906 1160.2018 1160.2137 1160.2261 1160.2393 1160.253 1160.2675 1160.2826 1160.2985 1160.3151 1160.3324 1160.3505
1160.1593 1160.156 1160.1527 1160.1496 1160.1466 1160.1437 1160.1409 1160.1383 1160.1358 1160.1335 1160.1313 1160.1292 1160.1274 1160.1257 1160.1242 1160.1229 1160.1218 1160.1208 1160.1201 1160.1196 1160.1194 1160.1193 1160.1195 1160.12 1160.1207 1160.1217 1160.123 1160.1246 1160.1265 1160.1286 1160.1311 1160.134 1160.1372 1160.1407 1160.1446 1160.1489 1160.1536 1160.1587 1160.1642 1160.1701 1160.1765 1160.1833 1160.1906 1160.1984 1160.2067 1160.2155 1160.2248 1160.2347 1160.2451 1160.2561 1160.2677 1160.28 1160.2928 1160.3063 1160.3204 1160.3352 1160.3507 1160.3669 1160.3839 1160.4015
1160.2139 1160.2107 1160.2075 1160.2045 1160.2016 1160.1989 1160.1962 1160.1937 1160.1913 1160.1891 1160.187 1160.1851 1160.1833 1160.1817 1160.1803 1160.1791 1160.178 1160.1772 1160.1765 1160.1761 1160.1759 1160.1759 1160.1761 1160.1766 1160.1774 1160.1784 1160.1797 1160.1813 1160.1831 1160.1853 1160.1878 1160.1906 1160.1938 1160.1973 1160.2011 1160.2053 1160.2099 1160.2149 1160.2203 1160.2262 1160.2324 1160.2391 1160.2463 1160.2539 1160.2621 1160.2707 1160.2798 1160.2895 1160.2997 1160.3105 1160.3218 1160.3338 1160.3463 1160.3595 1160.3733 1160.3878 1160.4029 1160.4187 1160.4352 1160.4525
1160.2689 1160.2658 1160.2628 1160.2599 1160.2571 1160.2545 1160.2519 1160.2495 1160.2473 1160.2451 1160.2431 1160.2413 1160.2396 1160.2381 1160.2368 1160.2356 1160.2346 1160.2338 1160.2333 1160.2329 1160.2327 1160.2328 1160.233 1160.2336 1160.2343 1160.2354 1160.2367 1160.2383 1160.2401 1160.2423 1160.2447 1160.2475 1160.2506 1160.2541 1160.2579 1160.262 1160.2665 1160.2714 1160.2767 1160.2825 1160.2886 1160.2952 1160.3022 1160.3097 1160.3176 1160.326 1160.335 1160.3444 1160.3544 1160.3649 1160.376 1160.3877 1160.3999 1160.4127 1160.4262 1160.4403 1160.4551 1160.4705 1160.4866 1160.5034
1160.3243 1160.3213 1160.3185 1160.3157 1160.313 1160.3105 1160.3081 1160.3058 1160.3036 1160.3016 1160.2997 1160.298 1160.2964 1160.2949 1160.2937 1160.2926 1160.2917 1160.2909 1160.2904 1160.2901 1160.2899 1160.29 1160.2903 1160.2909 1160.2917 1160.2927 1160.294 1160.2956 1160.2974 1160.2996 1160.302 1160.3047 1160.3078 1160.3112 1160.3149 1160.319 1160.3234 1160.3282 1160.3334 1160.339 1160.345 1160.3514 1160.3583 1160.3656 1160.3733 1160.3815 1160.3903 1160.3995 1160.4092 1160.4195 1160.4303 1160.4416 1160.4536 1160.4661 1160.4792 1160.4929 1160.5072 1160.5222 1160.5379 1160.5542
1160.3802 1160.3773 1160.3746 1160.372 1160.3694 1160.367 1160.3647 1160.3625 1160.3604 1160.3585 1160.3567 1160.3551 1160.3536 1160.3522 1160.351 1160.35 1160.3491 1160.3484 1160.348 1160.3477 1160.3476 1160.3477 1160.348 1160.3486 1160.3494 1160.3504 1160.3517 1160.3533 1160.3551 1160.3572 1160.3596 1160.3623 1160.3653 1160.3686 1160.3722 1160.3762 1160.3805 1160.3852 1160.3903 1160.3958 1160.4016 1160.4079 1160.4146 1160.4217 1160.4292 1160.4372 1160.4457 1160.4547 1160.4642 1160.4742 1160.4847 1160.4957 1160.5073 1160.5195 1160.5322 1160.5456 1160.5595 1160.5741 1160.5893 1160.6051
1160.4365 1160.4338 1160.4312 1160.4287 1160.4263 1160.424 1160.4218 1160.4197 1160.4177 1160.4159 1160.4142 1160.4126 1160.4112 1160.4099 1160.4088 1160.4078 1160.407 1160.4064 1160.4059 1160.4057 1160.4056 1160.4058 1160.4061 1160.4067 1160.4075 1160.4085 1160.4098 1160.4113 1160.4131 1160.4152 1160.4175 1160.4202 1160.4231 1160.4263 1160.4299 1160.4338 1160.438 1160.4426 1160.4475 1160.4528 1160.4585 1160.4646 1160.4711 1160.478 1160.4854 1160.4932 1160.5014 1160.5102 1160.5194 1160.5291 1160.5393 1160.55 1160.5612 1160.573 1160.5854 1160.5983 1160.6119 1160.626 1160.6407 1160.6561
1160.4934 1160.4908 1160.4883 1160.4859 1160.4836 1160.4814 1160.4793 1160.4774 1160.4755 1160.4738 1160.4721 1160.4706 1160.4693 1160.4681 1160.467 1160.4661 1160.4654 1160.4648 1160.4644 1160.4642 1160.4641 1160.4643 1160.4647 1160.4652 1160.466 1160.4671 1160.4683 1160.4698 1160.4716 1160.4736 1160.4759 1160.4784 1160.4813 1160.4845 1160.4879 1160.4917 1160.4958 1160.5003 1160.5051 1160.5102 1160.5158 1160.5217 1160.528 1160.5347 1160.5418 1160.5494 1160.5574 1160.5658 1160.5748 1160.5842 1160.594 1160.6044 1160.6153 1160.6268 1160.6387 1160.6513 1160.6644 1160.678 1160.6923 1160.7072
1160.5507 1160.5483 1160.5459 1160.5436 1160.5415 1160.5394 1160.5374 1160.5355 1160.5338 1160.5321 1160.5306 1160.5292 1160.5279 1160.5268 1160.5258 1160.5249 1160.5242 1160.5237 1160.5233 1160.5231 1160.5231 1160.5233 1160.5237 1160.5242 1160.525 1160.526 1160.5273 1160.5287 1160.5305 1160.5324 1160.5346 1160.5371 1160.5399 1160.543 1160.5463 1160.55 1160.554 1160.5583 1160.563 1160.568 1160.5733 1160.579 1160.5852 1160.5917 1160.5986 1160.6059 1160.6136 1160.6218 1160.6304 1160.6395 1160.6491 1160.6591 1160.6697 1160.6807 1160.6923 1160.7044 1160.7171 1160.7303 1160.744 1160.7584
1160.6086 1160.6063 1160.604 1160.6019 1160.5998 1160.5979 1160.596 1160.5942 1160.5926 1160.591 1160.5895 1160.5882 1160.587 1160.5859 1160.585 1160.5842 1160.5836 1160.5831 1160.5827 1160.5826 1160.5826 1160.5828 1160.5832 1160.5837 1160.5845 1160.5855 1160.5867 1160.5881 1160.5898 1160.5917 1160.5939 1160.5963 1160.599 1160.6019 1160.6052 1160.6087 1160.6126 1160.6168 1160.6213 1160.6261 1160.6313 1160.6368 1160.6427 1160.649 1160.6556 1160.6627 1160.6702 1160.6781 1160.6864 1160.6952 1160.7044 1160.7141 1160.7243 1160.7349 1160.7461 1160.7578 1160.77 1160.7827 1160.796 1160.8098
1160.667 1160.6648 1160.6627 1160.6607 1160.6588 1160.6569 1160.6551 1160.6535 1160.6519 1160.6504 1160.649 1160.6478 1160.6467 1160.6457 1160.6448 1160.644 1160.6434 1160.643 1160.6427 1160.6425 1160.6426 1160.6428 1160.6432 1160.6437 1160.6445 1160.6454 1160.6466 1160.648 1160.6496 1160.6515 1160.6535 1160.6559 1160.6585 1160.6613 1160.6645 1160.6679 1160.6716 1160.6756 1160.68 1160.6846 1160.6896 1160.6949 1160.7006 1160.7067 1160.7131 1160.7199 1160.7271 1160.7347 1160.7427 1160.7512 1160.7601 1160.7694 1160.7792 1160.7895 1160.8002 1160.8114 1160.8232 1160.8354 1160.8482 1160.8615
1160.726 1160.7239 1160.722 1160.7201 1160.7182 1160.7165 1160.7148 1160.7133 1160.7118 1160.7104 1160.7091 1160.7079 1160.7069 1160.7059 1160.7051 1160.7044 1160.7039 1160.7035 1160.7032 1160.7031 1160.7031 1160.7033 1160.7037 1160.7042 1160.705 1160.7059 1160.707 1160.7084 1160.7099 1160.7117 1160.7137 1160.716 1160.7185 1160.7212 1160.7242 1160.7275 1160.7311 1160.735 1160.7391 1160.7436 1160.7484 1160.7535 1160.759 1160.7648 1160.771 1160.7775 1160.7844 1160.7917 1160.7994 1160.8075 1160.8161 1160.825 1160.8344 1160.8443 1160.8546 1160.8654 1160.8767 1160.8884 1160.9007 1160.9135
1160.7856 1160.7836 1160.7818 1160.78 1160.7783 1160.7767 1160.7751 1160.7736 1160.7723 1160.771 1160.7698 1160.7687 1160.7677 1160.7668 1160.766 1160.7654 1160.7649 1160.7645 1160.7642 1160.7642 1160.7642 1160.7644 1160.7648 1160.7653 1160.766 1160.7669 1160.768 1160.7693 1160.7708 1160.7725 1160.7744 1160.7766 1160.779 1160.7816 1160.7845 1160.7877 1160.7911 1160.7948 1160.7988 1160.8031 1160.8077 1160.8126 1160.8178 1160.8234 1160.8293 1160.8355 1160.8422 1160.8492 1160.8565 1160.8643 1160.8725 1160.8811 1160.8901 1160.8995 1160.9094 1160.9197 1160.9305 1160.9418 1160.9536 1160.9658
1160.8457 1160.8439 1160.8422 1160.8406 1160.839 1160.8374 1160.836 1160.8346 1160.8333 1160.8321 1160.831 1160.83 1160.8291 1160.8283 1160.8276 1160.827 1160.8265 1160.8261 1160.8259 1160.8258 1160.8259 1160.8261 1160.8265 1160.827 1160.8277 1160.8285 1160.8296 1160.8308 1160.8323 1160.8339 1160.8357 1160.8378 1160.8401 1160.8426 1160.8454 1160.8484 1160.8516 1160.8552 1160.859 1160.8631 1160.8674 1160.8721 1160.8771 1160.8824 1160.8881 1160.8941 1160.9004 1160.9071 1160.9141 1160.9215 1160.9293 1160.9376 1160.9462 1160.9552 1160.9646 1160.9745 1160.9848 1160.9956 1161.0068 1161.0185
1160.9065 1160.9049 1160.9033 1160.9017 1160.9003 1160.8989 1160.8975 1160.8962 1160.895 1160.8939 1160.8929 1160.892 1160.8911 1160.8903 1160.8897 1160.8891 1160.8887 1160.8884 1160.8882 1160.8881 1160.8882 1160.8884 1160.8888 1160.8893 1160.8899 1160.8908 1160.8918 1160.8929 1160.8943 1160.8958 1160.8976 1160.8996 1160.9017 1160.9041 1160.9068 1160.9096 1160.9127 1160.9161 1160.9197 1160.9236 1160.9278 1160.9322 1160.937 1160.942 1160.9474 1160.9531 1160.9591 1160.9655 1160.9722 1160.9793 1160.9867 1160.9945 1161.0027 1161.0113 1161.0203 1161.0297 1161.0395 1161.0498 1161.0605 1161.0716
1160.9679 1160.9664 1160.965 1160.9636 1160.9622 1160.9609 1160.9597 1160.9585 1160.9574 1160.9564 1160.9554 1160.9546 1160.9538 1160.9531 1160.9525 1160.952 1160.9516 1160.9513 1160.9511 1160.9511 1160.9512 1160.9514 1160.9517 1160.9522 1160.9528 1160.9536 1160.9546 1160.9557 1160.957 1160.9584 1160.9601 1160.962 1160.964 1160.9663 1160.9688 1160.9715 1160.9744 1160.9776 1160.981 1160.9847 1160.9887 1160.9929 1160.9974 1161.0022 1161.0073 1161.0127 1161.0184 1161.0244 1161.0308 1161.0375 1161.0446 1161.052 1161.0598 1161.0679 1161.0765 1161.0854 1161.0947 1161.1045 1161.1146 1161.1252
1161.03 1161.0286 1161.0273 1161.026 1161.0248 1161.0236 1161.0225 1161.0214 1161.0204 1161.0195 1161.0186 1161.0179 1161.0171 1161.0165 1161.016 1161.0155 1161.0152 1161.0149 1161.0148 1161.0147 1161.0148 1161.015 1161.0153 1161.0158 1161.0164 1161.0171 1161.018 1161.0191 1161.0203 1161.0217 1161.0233 1161.025 1161.0269 1161.0291 1161.0314 1161.034 1161.0367 1161.0397 1161.043 1161.0465 1161.0502 1161.0542 1161.0584 1161.0629 1161.0678 1161.0729 1161.0783 1161.084 1161.09 1161.0963 1161.103 1161.11 1161.1174 1161.1251 1161.1332 1161.1416 1161.1505 1161.1597 1161.1693 1161.1793
