rent-data/shapefiles/interpolated/interpolated.asc
NCOLS 600
NROWS 600
XLLCORNER -122.315
YLLCORNER 37.8084
DX 0.00018
DY 0.00019
NODATA_VALUE -9999
[rows 312 to 337 of 600, columns 480 to 539 of 600]
1157.4524 1157.4671 1157.4816 1157.4957 1157.5095 1157.523 1157.5363 1157.5494 1157.5621 1157.5747 1157.5871 1157.5992 1157.6111 1157.6229 1157.6344 1157.6458 1157.6571 1157.6681 1157.679 1157.6898 1157.7004 1157.7108 1157.7212 1157.7314 1157.7415 1157.7514 1157.7613 1157.771 1157.7806 1157.7902 1157.7996 1157.8089 1157.8182 1157.8273 1157.8364 1157.8453 1157.8542 1157.863 1157.8717 1157.8804 1157.889 1157.8975 1157.9059 1157.9143 1157.9226 1157.9308 1157.939 1157.9471 1157.9551 1157.9631 1157.9711 1157.9789 1157.9868 1157.9945 1158.0022 1158.0099 1158.0175 1158.0251 1158.0326 1158.0401
1157.383 1157.3991 1157.4148 1157.4301 1157.4451 1157.4598 1157.4742 1157.4884 1157.5023 1157.5159 1157.5292 1157.5424 1157.5553 1157.568 1157.5804 1157.5927 1157.6048 1157.6167 1157.6285 1157.64 1157.6514 1157.6627 1157.6738 1157.6847 1157.6955 1157.7062 1157.7167 1157.7272 1157.7374 1157.7476 1157.7577 1157.7676 1157.7775 1157.7872 1157.7968 1157.8064 1157.8158 1157.8252 1157.8344 1157.8436 1157.8527 1157.8617 1157.8706 1157.8795 1157.8883 1157.897 1157.9056 1157.9141 1157.9226 1157.9311 1157.9394 1157.9477 1157.9559 1157.9641 1157.9722 1157.9803 1157.9882 1157.9962 1158.0041 1158.0119
1157.3142 1157.3315 1157.3484 1157.365 1157.3812 1157.3971 1157.4126 1157.4278 1157.4428 1157.4574 1157.4718 1157.4859 1157.4998 1157.5134 1157.5268 1157.54 1157.5529 1157.5657 1157.5782 1157.5906 1157.6028 1157.6148 1157.6267 1157.6383 1157.6499 1157.6612 1157.6725 1157.6835 1157.6945 1157.7053 1157.716 1157.7266 1157.737 1157.7473 1157.7575 1157.7676 1157.7776 1157.7875 1157.7973 1157.807 1157.8166 1157.8261 1157.8356 1157.8449 1157.8541 1157.8633 1157.8724 1157.8814 1157.8903 1157.8991 1157.9079 1157.9166 1157.9253 1157.9338 1157.9423 1157.9507 1157.9591 1157.9674 1157.9757 1157.9838
1157.2458 1157.2644 1157.2826 1157.3003 1157.3177 1157.3347 1157.3514 1157.3677 1157.3837 1157.3993 1157.4147 1157.4298 1157.4446 1157.4592 1157.4735 1157.4875 1157.5013 1157.5149 1157.5283 1157.5415 1157.5544 1157.5672 1157.5798 1157.5922 1157.6045 1157.6165 1157.6284 1157.6402 1157.6518 1157.6632 1157.6746 1157.6857 1157.6968 1157.7077 1157.7185 1157.7291 1157.7397 1157.7501 1157.7604 1157.7706 1157.7807 1157.7907 1157.8007 1157.8105 1157.8202 1157.8298 1157.8393 1157.8488 1157.8581 1157.8674 1157.8766 1157.8857 1157.8947 1157.9037 1157.9126 1157.9214 1157.9301 1157.9388 1157.9474 1157.9559
1157.178 1157.1979 1157.2173 1157.2362 1157.2547 1157.2729 1157.2906 1157.308 1157.325 1157.3417 1157.3581 1157.3741 1157.3899 1157.4053 1157.4205 1157.4354 1157.4501 1157.4645 1157.4787 1157.4927 1157.5064 1157.52 1157.5333 1157.5464 1157.5594 1157.5721 1157.5847 1157.5971 1157.6094 1157.6214 1157.6334 1157.6451 1157.6568 1157.6683 1157.6796 1157.6908 1157.7019 1157.7129 1157.7237 1157.7345 1157.7451 1157.7556 1157.766 1157.7762 1157.7864 1157.7965 1157.8065 1157.8164 1157.8261 1157.8358 1157.8454 1157.855 1157.8644 1157.8737 1157.883 1157.8922 1157.9013 1157.9103 1157.9193 1157.9282
1157.1108 1157.1319 1157.1525 1157.1726 1157.1923 1157.2115 1157.2303 1157.2488 1157.2668 1157.2845 1157.3018 1157.3188 1157.3355 1157.3519 1157.3679 1157.3837 1157.3992 1157.4145 1157.4295 1157.4442 1157.4587 1157.473 1157.4871 1157.5009 1157.5146 1157.528 1157.5412 1157.5543 1157.5672 1157.5799 1157.5924 1157.6048 1157.617 1157.6291 1157.641 1157.6528 1157.6644 1157.6759 1157.6873 1157.6985 1157.7096 1157.7206 1157.7315 1157.7422 1157.7529 1157.7634 1157.7738 1157.7841 1157.7943 1157.8045 1157.8145 1157.8244 1157.8342 1157.844 1157.8536 1157.8632 1157.8727 1157.8821 1157.8914 1157.9006
1157.0443 1157.0666 1157.0883 1157.1096 1157.1304 1157.1507 1157.1706 1157.1901 1157.2091 1157.2278 1157.2461 1157.264 1157.2816 1157.2989 1157.3158 1157.3324 1157.3488 1157.3648 1157.3806 1157.3961 1157.4114 1157.4264 1157.4412 1157.4557 1157.4701 1157.4842 1157.4981 1157.5118 1157.5253 1157.5387 1157.5518 1157.5648 1157.5776 1157.5902 1157.6027 1157.615 1157.6272 1157.6392 1157.6511 1157.6628 1157.6744 1157.6859 1157.6972 1157.7084 1157.7195 1157.7305 1157.7414 1157.7521 1157.7627 1157.7733 1157.7837 1157.794 1157.8042 1157.8144 1157.8244 1157.8343 1157.8442 1157.8539 1157.8636 1157.8732
1156.9784 1157.0018 1157.0248 1157.0472 1157.0691 1157.0905 1157.1114 1157.1319 1157.1519 1157.1716 1157.1908 1157.2097 1157.2281 1157.2463 1157.2641 1157.2816 1157.2987 1157.3156 1157.3321 1157.3484 1157.3644 1157.3802 1157.3957 1157.4109 1157.4259 1157.4407 1157.4553 1157.4696 1157.4838 1157.4977 1157.5115 1157.525 1157.5384 1157.5516 1157.5646 1157.5775 1157.5902 1157.6027 1157.6151 1157.6273 1157.6394 1157.6514 1157.6632 1157.6748 1157.6864 1157.6978 1157.7091 1157.7203 1157.7313 1157.7423 1157.7531 1157.7638 1157.7744 1157.785 1157.7954 1157.8057 1157.8159 1157.826 1157.836 1157.8459
1156.9131 1156.9378 1156.9619 1156.9854 1157.0083 1157.0308 1157.0528 1157.0742 1157.0953 1157.1159 1157.136 1157.1558 1157.1752 1157.1942 1157.2128 1157.2311 1157.2491 1157.2667 1157.2841 1157.3011 1157.3178 1157.3343 1157.3505 1157.3664 1157.3821 1157.3976 1157.4128 1157.4278 1157.4425 1157.4571 1157.4714 1157.4855 1157.4995 1157.5132 1157.5268 1157.5402 1157.5534 1157.5665 1157.5794 1157.5921 1157.6047 1157.6171 1157.6294 1157.6415 1157.6535 1157.6654 1157.6771 1157.6887 1157.7002 1157.7115 1157.7227 1157.7338 1157.7448 1157.7557 1157.7665 1157.7772 1157.7878 1157.7982 1157.8086 1157.8189
1156.8486 1156.8744 1156.8996 1156.9242 1156.9482 1156.9717 1156.9947 1157.0172 1157.0392 1157.0607 1157.0818 1157.1024 1157.1227 1157.1425 1157.162 1157.1811 1157.1999 1157.2183 1157.2364 1157.2542 1157.2717 1157.2888 1157.3057 1157.3223 1157.3387 1157.3548 1157.3706 1157.3862 1157.4016 1157.4167 1157.4317 1157.4464 1157.4609 1157.4752 1157.4893 1157.5032 1157.517 1157.5305 1157.5439 1157.5571 1157.5702 1157.5831 1157.5958 1157.6084 1157.6208 1157.6331 1157.6453 1157.6573 1157.6692 1157.6809 1157.6926 1157.7041 1157.7155 1157.7267 1157.7379 1157.7489 1157.7598 1157.7706 1157.7813 1157.792
1156.7848 1156.8118 1156.8381 1156.8637 1156.8888 1156.9133 1156.9373 1156.9607 1156.9836 1157.0061 1157.0281 1157.0496 1157.0707 1157.0914 1157.1117 1157.1316 1157.1512 1157.1703 1157.1892 1157.2077 1157.2259 1157.2438 1157.2613 1157.2786 1157.2956 1157.3124 1157.3288 1157.3451 1157.361 1157.3768 1157.3923 1157.4075 1157.4226 1157.4374 1157.4521 1157.4665 1157.4808 1157.4948 1157.5087 1157.5224 1157.536 1157.5493 1157.5625 1157.5755 1157.5884 1157.6011 1157.6137 1157.6262 1157.6384 1157.6506 1157.6626 1157.6745 1157.6863 1157.6979 1157.7094 1157.7208 1157.7321 1157.7433 1157.7543 1157.7652
1156.7218 1156.7499 1156.7772 1156.8039 1156.83 1156.8555 1156.8805 1156.9049 1156.9287 1156.9521 1156.9749 1156.9973 1157.0193 1157.0408 1157.0619 1157.0826 1157.1029 1157.1228 1157.1424 1157.1616 1157.1805 1157.1991 1157.2174 1157.2353 1157.253 1157.2703 1157.2874 1157.3042 1157.3208 1157.3371 1157.3532 1157.369 1157.3846 1157.4 1157.4152 1157.4302 1157.4449 1157.4595 1157.4738 1157.488 1157.502 1157.5158 1157.5295 1157.5429 1157.5563 1157.5694 1157.5824 1157.5952 1157.6079 1157.6205 1157.6329 1157.6452 1157.6573 1157.6693 1157.6812 1157.6929 1157.7046 1157.7161 1157.7275 1157.7387
1156.6596 1156.6888 1156.7172 1156.7449 1156.772 1156.7984 1156.8243 1156.8496 1156.8744 1156.8986 1156.9224 1156.9456 1156.9684 1156.9907 1157.0126 1157.0341 1157.0552 1157.0758 1157.0961 1157.1161 1157.1356 1157.1549 1157.1738 1157.1924 1157.2107 1157.2287 1157.2464 1157.2638 1157.281 1157.2978 1157.3145 1157.3309 1157.347 1157.3629 1157.3786 1157.3941 1157.4093 1157.4244 1157.4392 1157.4539 1157.4683 1157.4826 1157.4967 1157.5106 1157.5243 1157.5379 1157.5513 1157.5646 1157.5777 1157.5906 1157.6034 1157.6161 1157.6286 1157.6409 1157.6532 1157.6653 1157.6772 1157.6891 1157.7008 1157.7124
1156.5983 1156.6284 1156.6578 1156.6866 1156.7146 1156.7421 1156.7689 1156.7951 1156.8207 1156.8458 1156.8704 1156.8945 1156.9181 1156.9412 1156.9639 1156.9861 1157.0079 1157.0293 1157.0503 1157.0709 1157.0912 1157.1111 1157.1307 1157.1499 1157.1688 1157.1874 1157.2057 1157.2237 1157.2415 1157.2589 1157.2761 1157.293 1157.3097 1157.3262 1157.3424 1157.3583 1157.3741 1157.3896 1157.4049 1157.42 1157.435 1157.4497 1157.4642 1157.4785 1157.4927 1157.5067 1157.5205 1157.5342 1157.5477 1157.561 1157.5742 1157.5872 1157.6001 1157.6128 1157.6254 1157.6378 1157.6501 1157.6623 1157.6744 1157.6863
1156.5377 1156.5689 1156.5993 1156.629 1156.658 1156.6864 1156.7141 1156.7412 1156.7677 1156.7937 1156.8191 1156.844 1156.8684 1156.8922 1156.9157 1156.9386 1156.9612 1156.9833 1157.005 1157.0263 1157.0472 1157.0678 1157.088 1157.1079 1157.1274 1157.1466 1157.1655 1157.1841 1157.2024 1157.2204 1157.2381 1157.2556 1157.2728 1157.2897 1157.3064 1157.3229 1157.3391 1157.3552 1157.3709 1157.3865 1157.4019 1157.417 1157.432 1157.4468 1157.4613 1157.4757 1157.49 1157.504 1157.5179 1157.5316 1157.5452 1157.5585 1157.5718 1157.5849 1157.5978 1157.6106 1157.6233 1157.6358 1157.6482 1157.6604
1156.4781 1156.5102 1156.5416 1156.5723 1156.6022 1156.6315 1156.6601 1156.688 1156.7154 1156.7422 1156.7684 1156.7941 1156.8192 1156.8439 1156.868 1156.8917 1156.915 1156.9378 1156.9602 1156.9822 1157.0038 1157.025 1157.0458 1157.0663 1157.0864 1157.1062 1157.1257 1157.1448 1157.1637 1157.1822 1157.2005 1157.2185 1157.2362 1157.2537 1157.2709 1157.2878 1157.3045 1157.321 1157.3373 1157.3533 1157.3691 1157.3847 1157.4001 1157.4153 1157.4303 1157.4451 1157.4597 1157.4741 1157.4884 1157.5025 1157.5164 1157.5302 1157.5438 1157.5572 1157.5705 1157.5836 1157.5966 1157.6094 1157.6222 1157.6347
1156.4193 1156.4524 1156.4847 1156.5163 1156.5471 1156.5773 1156.6067 1156.6356 1156.6637 1156.6913 1156.7183 1156.7448 1156.7707 1156.7961 1156.821 1156.8454 1156.8694 1156.8928 1156.9159 1156.9385 1156.9608 1156.9826 1157.0041 1157.0251 1157.0459 1157.0662 1157.0863 1157.106 1157.1254 1157.1445 1157.1633 1157.1818 1157.2 1157.218 1157.2357 1157.2531 1157.2703 1157.2872 1157.3039 1157.3204 1157.3366 1157.3527 1157.3685 1157.3841 1157.3995 1157.4147 1157.4297 1157.4445 1157.4592 1157.4736 1157.4879 1157.502 1157.516 1157.5298 1157.5434 1157.5569 1157.5702 1157.5833 1157.5964 1157.6093
1156.3614 1156.3955 1156.4287 1156.4612 1156.4929 1156.5239 1156.5542 1156.5838 1156.6128 1156.6412 1156.669 1156.6962 1156.7228 1156.7489 1156.7746 1156.7997 1156.8243 1156.8484 1156.8722 1156.8954 1156.9183 1156.9407 1156.9628 1156.9845 1157.0058 1157.0267 1157.0473 1157.0676 1157.0875 1157.1072 1157.1265 1157.1455 1157.1642 1157.1827 1157.2008 1157.2187 1157.2364 1157.2538 1157.2709 1157.2878 1157.3045 1157.3209 1157.3372 1157.3532 1157.369 1157.3846 1157.4 1157.4152 1157.4302 1157.445 1157.4597 1157.4742 1157.4884 1157.5026 1157.5165 1157.5303 1157.544 1157.5575 1157.5708 1157.584
1156.3045 1156.3395 1156.3736 1156.4069 1156.4395 1156.4713 1156.5024 1156.5328 1156.5626 1156.5917 1156.6203 1156.6482 1156.6756 1156.7024 1156.7287 1156.7545 1156.7798 1156.8046 1156.829 1156.8529 1156.8763 1156.8994 1156.922 1156.9443 1156.9662 1156.9877 1157.0088 1157.0296 1157.0501 1157.0702 1157.0901 1157.1096 1157.1288 1157.1477 1157.1664 1157.1847 1157.2028 1157.2207 1157.2383 1157.2556 1157.2727 1157.2896 1157.3062 1157.3226 1157.3388 1157.3548 1157.3706 1157.3861 1157.4015 1157.4167 1157.4317 1157.4465 1157.4612 1157.4757 1157.4899 1157.5041 1157.518 1157.5319 1157.5455 1157.559
1156.2485 1156.2843 1156.3193 1156.3535 1156.3869 1156.4195 1156.4514 1156.4826 1156.5131 1156.543 1156.5723 1156.6009 1156.629 1156.6565 1156.6835 1156.71 1156.7359 1156.7613 1156.7863 1156.8108 1156.8349 1156.8586 1156.8818 1156.9046 1156.927 1156.9491 1156.9708 1156.9921 1157.0131 1157.0338 1157.0541 1157.0741 1157.0938 1157.1132 1157.1323 1157.1511 1157.1696 1157.1879 1157.2059 1157.2237 1157.2412 1157.2585 1157.2755 1157.2923 1157.3089 1157.3253 1157.3414 1157.3574 1157.3731 1157.3887 1157.404 1157.4192 1157.4342 1157.449 1157.4636 1157.4781 1157.4923 1157.5065 1157.5204 1157.5342
1156.1935 1156.2301 1156.2659 1156.3009 1156.3351 1156.3685 1156.4012 1156.4331 1156.4644 1156.495 1156.525 1156.5544 1156.5831 1156.6113 1156.6389 1156.666 1156.6926 1156.7187 1156.7443 1156.7694 1156.794 1156.8183 1156.8421 1156.8654 1156.8884 1156.911 1156.9332 1156.9551 1156.9766 1156.9977 1157.0185 1157.039 1157.0592 1157.079 1157.0986 1157.1179 1157.1368 1157.1555 1157.174 1157.1922 1157.2101 1157.2278 1157.2452 1157.2624 1157.2794 1157.2961 1157.3126 1157.3289 1157.345 1157.3609 1157.3766 1157.3921 1157.4075 1157.4226 1157.4375 1157.4523 1157.4669 1157.4813 1157.4956 1157.5097
1156.1394 1156.1769 1156.2135 1156.2493 1156.2842 1156.3184 1156.3518 1156.3845 1156.4165 1156.4478 1156.4784 1156.5085 1156.5379 1156.5667 1156.595 1156.6227 1156.6499 1156.6766 1156.7028 1156.7285 1156.7537 1156.7785 1156.8028 1156.8268 1156.8503 1156.8734 1156.8961 1156.9185 1156.9405 1156.9621 1156.9834 1157.0043 1157.025 1157.0453 1157.0653 1157.085 1157.1044 1157.1235 1157.1424 1157.161 1157.1793 1157.1974 1157.2152 1157.2328 1157.2501 1157.2672 1157.2841 1157.3008 1157.3172 1157.3335 1157.3495 1157.3654 1157.381 1157.3965 1157.4117 1157.4268 1157.4417 1157.4564 1157.471 1157.4854
1156.0864 1156.1246 1156.162 1156.1985 1156.2342 1156.2691 1156.3032 1156.3366 1156.3693 1156.4013 1156.4326 1156.4633 1156.4934 1156.5228 1156.5517 1156.5801 1156.6079 1156.6351 1156.6619 1156.6882 1156.7139 1156.7393 1156.7642 1156.7886 1156.8127 1156.8363 1156.8595 1156.8824 1156.9048 1156.9269 1156.9487 1156.9701 1156.9912 1157.0119 1157.0324 1157.0525 1157.0724 1157.0919 1157.1112 1157.1302 1157.1489 1157.1673 1157.1856 1157.2035 1157.2212 1157.2387 1157.2559 1157.273 1157.2898 1157.3063 1157.3227 1157.3389 1157.3548 1157.3706 1157.3862 1157.4016 1157.4168 1157.4318 1157.4467 1157.4614
1156.0343 1156.0733 1156.1114 1156.1487 1156.1851 1156.2207 1156.2555 1156.2896 1156.3229 1156.3556 1156.3875 1156.4189 1156.4496 1156.4796 1156.5091 1156.5381 1156.5664 1156.5943 1156.6216 1156.6484 1156.6748 1156.7006 1156.726 1156.751 1156.7755 1156.7997 1156.8234 1156.8467 1156.8697 1156.8922 1156.9145 1156.9363 1156.9578 1156.979 1156.9999 1157.0205 1157.0407 1157.0607 1157.0803 1157.0997 1157.1188 1157.1377 1157.1562 1157.1746 1157.1926 1157.2105 1157.2281 1157.2454 1157.2626 1157.2795 1157.2962 1157.3127 1157.329 1157.345 1157.3609 1157.3766 1157.3921 1157.4075 1157.4226 1157.4376
1155.9832 1156.023 1156.0618 1156.0997 1156.1368 1156.1731 1156.2086 1156.2433 1156.2773 1156.3106 1156.3432 1156.3751 1156.4064 1156.4371 1156.4672 1156.4967 1156.5257 1156.554 1156.5819 1156.6093 1156.6361 1156.6625 1156.6885 1156.7139 1156.739 1156.7636 1156.7878 1156.8116 1156.835 1156.858 1156.8807 1156.903 1156.9249 1156.9466 1156.9679 1156.9888 1157.0095 1157.0298 1157.0499 1157.0697 1157.0891 1157.1084 1157.1273 1157.146 1157.1644 1157.1826 1157.2005 1157.2182 1157.2357 1157.2529 1157.27 1157.2868 1157.3034 1157.3198 1157.336 1157.352 1157.3678 1157.3834 1157.3988 1157.414
1155.9332 1155.9736 1156.0131 1156.0518 1156.0895 1156.1264 1156.1626 1156.1979 1156.2325 1156.2664 1156.2997 1156.3322 1156.3641 1156.3953 1156.426 1156.456 1156.4855 1156.5145 1156.5429 1156.5707 1156.5981 1156.625 1156.6514 1156.6774 1156.7029 1156.728 1156.7527 1156.7769 1156.8008 1156.8243 1156.8474 1156.8701 1156.8925 1156.9145 1156.9362 1156.9576 1156.9786 1156.9994 1157.0198 1157.04 1157.0598 1157.0794 1157.0987 1157.1177 1157.1365 1157.155 1157.1733 1157.1914 1157.2092 1157.2267 1157.2441 1157.2612 1157.2781 1157.2948 1157.3113 1157.3276 1157.3436 1157.3595 1157.3752 1157.3908
