rent-data/shapefiles/interpolated/interpolated.asc
NCOLS 600
NROWS 600
XLLCORNER -122.315
YLLCORNER 37.8084
DX 0.00018
DY 0.00019
NODATA_VALUE -9999
[rows 312 to 337 of 600, columns 180 to 239 of 600]
1171.9935 1261.594 1279.5471 1181.5578 1141.417 1142.7333 1173.3083 1268.1503 1803.3253 1728.4406 1105.6278 1332.0534 1622.0231 1160.2966 932.3138 1226.5285 1226.2163 1206.6061 1190.8711 1178.8275 1168.7453 1159.4851 1150.5811 1142.6301 1139.9079 1160.8468 1269.1481 1227.4982 1088.9144 932.20488 1065.4112 1094.615 1093.158 1060.5576 950.02968 799.62059 907.92678 1053.2721 1109.5686 1141.4114 1154.0584 1149.605 1139.4527 1127.6766 1107.6987 1080.0333 1070.8582 1097.7323 1124.3816 1140.0414 1142.6522 1129.7511 1104.3521 1030.5043 975.04954 1050.9158 1042.064 1047.6286 1150.2119 1279.6373
1245.6998 1820.2441 1709.4269 1185.1606 1097.9604 1108.6102 1152.0803 1217.4381 1347.4905 1297.1246 1193.6806 1285.4848 1452.1042 1421.9255 1436.8646 1308.9784 1241.9021 1210.64 1193.4135 1181.4917 1171.3448 1161.3948 1150.7144 1138.1239 1122.7577 1121.4479 1234.8948 1433.636 1004.3194 985.29162 1077.0177 1102.1502 1102.338 1083.292 1042.0762 1008.3386 1042.6026 1096.8773 1137.9723 1169.6458 1188.8274 1186.927 1170.1889 1151.5617 1135.3277 1123.1436 1119.043 1123.832 1131.5801 1137.2012 1137.8416 1130.9073 1112.5076 1076.7454 1030.0219 1000.0218 865.81049 969.90801 1104.7585 1144.3136
1171.3993 1259.5242 1162.5421 1015.1488 868.2644 1000.6164 1111.9548 1144.9229 1116.2876 961.41247 1003.6157 1179.3688 1261.9555 1251.8066 1570.1027 1323.045 1229.1335 1204.9995 1192.9904 1183.8074 1174.2862 1163.3385 1150.1486 1130.5717 1082.887 894.79803 948.25652 1127.9004 1109.3701 1092.6405 1105.4387 1116.6001 1117.465 1105.0531 1086.2629 1080.0896 1097.0993 1128.3354 1168.0496 1223.6286 1286.1333 1272.5975 1211.7229 1172.0352 1150.8394 1139.5958 1134.5558 1133.8395 1135.7853 1139.3714 1143.2231 1142.9742 1129.6426 1091.5575 971.64789 777.5341 981.08614 1030.8084 1099.5963 1130.4688
1080.6815 909.49371 796.8178 830.01796 714.50327 954.44301 1093.8875 1118.2476 1083.8323 968.22647 1014.2228 1138.8851 1193.9113 1220.2339 1218.2345 1046.4658 1178.0635 1192.7121 1192.9466 1189.6142 1180.3281 1166.6426 1150.2332 1129.221 1082.5663 927.63487 950.83187 1087.2455 1109.247 1111.4464 1120.3366 1135.9381 1147.3212 1122.4598 1071.1298 1058.6667 1099.4599 1139.8711 1191.2514 1310.8759 1719.8397 1554.1268 1260.5479 1181.1552 1153.9657 1143.3382 1138.0981 1134.8187 1133.4782 1138.0587 1152.8896 1170.2776 1174.5965 1127.4334 1066.4074 1022.1441 1060.7975 1092.2148 1120.1234 1141.7799
1065.6487 989.77277 958.56736 987.76321 1017.206 1062.9059 1106.6378 1121.548 1115.5685 1107.6579 1120.4526 1092.629 1173.6797 1133.282 1097.4922 1126.6007 1168.983 1185.4224 1203.4048 1214.9824 1196.953 1173.5534 1144.2961 1126.7326 1112.1068 1087.6932 1086.5434 1101.9713 1098.1453 1094.0161 1117.5527 1163.1006 1295.1892 1178.6656 971.95112 1060.1298 1081.3375 1132.5375 1188.6587 1303.5481 1695.4824 1529.114 1238.3889 1156.0869 1137.4534 1136.9457 1134.6929 1128.5201 1117.8364 1109.4167 1156.7921 1175.505 1285.8161 1164.3431 1119.4033 966.43272 1092.5746 1120.632 1141.1559 1160.2716
1079.4434 1069.7196 1063.4282 1071.5138 1086.8313 1105.4344 1121.8551 1130.7148 1133.8115 1139.0843 1168.2367 1245.7581 1166.1671 1118.0812 1046.3903 1190.7651 1164.4968 1165.2675 1249.3449 1388.2126 1233.4496 1214.1721 1057.1265 1086.5987 1123.2661 1123.0911 1119.5488 1111.629 1064.9185 989.72702 1100.1309 1153.4885 1275.0725 1179.8107 1066.083 1043.9595 1066.8779 1062.1537 1168.8282 1223.5846 1269.8426 1243.5663 1148.583 1046.9306 1085.727 1123.9034 1128.1151 1116.7506 1097.9271 1106.2938 1147.3608 1262.9568 1296.3442 1092.17 1121.1177 1114.4583 1124.8014 1142.8909 1161.0619 1182.8044
1089.5529 1097.5893 1100.9523 1106.4792 1114.6853 1123.8964 1131.8581 1136.8945 1138.9312 1137.1993 1110.528 871.81977 1143.1015 1314.562 2014.6519 1143.6635 1076.5637 1067.4309 1226.5717 1350.3252 1230.0483 1225.1461 1105.7863 1098.0428 1132.8786 1136.8531 1133.8294 1124.8679 1101.7841 1087.2468 1109.3068 1112.7612 1076.5841 1101.4287 1123.1974 1136.6995 1114.2355 1088.8889 1191 1195.2632 1190.2966 1176.4836 1108.4718 936.9982 1056.5227 1121.901 1124.7926 1096.1479 1047.3139 1044.485 1114.5167 1194.9315 1124.7173 1045.3767 1129.1254 1142.1829 1150.5413 1162.1534 1178.9435 1207.577
1100.4313 1112.4794 1118.455 1123.3882 1128.625 1133.8389 1138.0773 1140.3769 1140.0192 1136.6335 1136.2542 1205.171 1172.7825 1263.2269 1630.1583 1280.6392 1158.7871 1136.756 1181.0013 1202.5279 1193.3953 1178.5014 1157.047 1145.3413 1146.754 1147.348 1145.5848 1140.5924 1132.3213 1125.8275 1121.0721 1089.9301 893.00955 1046.5545 1139.9446 1184.6045 1252.2443 1436.4391 1232.0746 1188.8119 1088.3126 1166.1789 1136.9258 1088.6488 1089.6001 1155.0042 1135.8732 1073.5757 867.64349 650.84062 1028.475 1128.5469 1141.9718 1146.9081 1161.1358 1165.0661 1169.5981 1176.9766 1189.1459 1226.4005
1114.5993 1123.8471 1129.2078 1133.2342 1136.8652 1140.1053 1142.4266 1142.9153 1140.1373 1132.0197 1115.6952 1021.0046 940.38042 977.83673 1246.9726 1243.3968 1196.7987 1177.1392 1177.1005 1179.4413 1176.7348 1170.3181 1162.8635 1157.7508 1156.3817 1157.474 1159.5858 1158.1244 1150.3566 1141.7069 1132.9202 1116.7146 1093.9703 1114.7203 1152.0007 1191.7456 1249.4587 1263.3251 1216.3313 1202.6541 1168.2337 1206.3828 1175.0232 1095.5619 1068.4969 1206.7012 1155.7443 1096.0695 954.65434 868.67059 1051.2285 1120.0865 1138.8488 1183.3253 1219.8386 1185.5954 1179.2245 1209.2515 1170.2286 1224.5186
1128.3581 1133.4922 1137.111 1139.9856 1142.5214 1144.7376 1146.2934 1146.3012 1142.462 1128.218 1085.2561 1067.901 1040.0495 1114.3144 1175.2306 1192.8494 1186.1852 1177.5145 1173.3585 1171.6177 1169.6685 1166.8776 1163.9407 1162.0816 1162.6875 1168.5308 1187.0478 1200.3509 1171.7208 1153.0851 1142.9778 1135.3683 1131.484 1136.3748 1148.9794 1169.2158 1197.1254 1211.0982 1186.2351 1098.9122 1264.9859 1333.7789 1273.9036 1212.3127 1184.3792 1185.3887 1170.5978 1146.3343 1121.9786 1135.7766 1153.606 1125.1568 992.79161 1180.9143 1368.3238 1198.672 1170.7448 1148.1675 1109.1544 1210.8952
1139.3531 1141.4483 1143.3532 1145.1087 1146.8276 1148.5702 1150.3144 1151.8345 1151.8999 1143.554 1084.0986 1084.1721 1288.5865 1226.3771 1179.6111 1175.9227 1172.5801 1168.9489 1166.8035 1165.9221 1165.4122 1164.8035 1164.2187 1164.2864 1166.526 1176.355 1225.7014 1321.4394 1191.2418 1159.5502 1147.5824 1140.1956 1135.3738 1132.096 1126.4124 1116.288 1139.3432 1186.7614 1233.4952 1351.4867 1973.7865 1765.2457 1403.0979 1314.1231 1237.839 1208.8476 1195.8939 1189.1 1207.6477 1387.0489 1345.4345 1156.9694 1061.6173 1084.2514 1200.1393 1192.4909 1185.5574 1177.4758 1181.1735 1210.0999
1147.6181 1147.8143 1148.3738 1149.1562 1150.1974 1151.6761 1154.0351 1158.4231 1168.232 1195.1562 1259.8489 1224.2314 1223.4011 1212.8789 1181.8132 1165.8639 1159.0147 1157.4482 1158.5254 1160.3721 1162.1792 1163.6767 1164.8592 1166.0239 1168.1779 1174.2249 1190.6688 1201.4594 1176.91 1158.9018 1146.3071 1135.4971 1127.2487 1116.0577 1089.2751 958.34067 1005.9433 1153.3572 1245.0526 1438.9796 2246.4129 1843.2393 1476.5637 1324.2147 1260.5023 1234.5579 1225.7516 1222.5739 1233.4945 1298.103 1275.3679 1178.8889 1093.4269 1055.1488 1159.7733 1186.6014 1197.0683 1202.6434 1205.1369 1211.4325
1153.8869 1152.9109 1152.4507 1152.3709 1152.7143 1153.7455 1156.186 1162.0303 1177.8449 1234.6134 1591.6998 1349.1827 1343.5565 1283.1101 1176.861 1146.4113 1134.9431 1140.2583 1148.4785 1154.969 1160.0336 1164.0988 1167.1539 1169.0402 1170.1426 1171.5431 1173.5723 1172.9375 1167.1137 1158.266 1139.6305 1107.427 1108.5131 1084.9935 1061.4171 984.20329 948.12155 1125.1858 1207.2138 1283.6574 1351.4645 1355.1354 1323.1592 1285.1513 1263.6362 1262.4874 1270.4729 1267.0825 1248.5845 1232.3784 1213.9376 1188.8082 1165.9013 1160.7333 1177.3087 1197.3276 1226.6044 1250.1438 1230.0814 1214.9642
1158.9014 1157.1474 1155.8581 1154.9437 1154.4489 1154.6018 1155.9871 1160.0218 1170.2067 1194.1482 1225.4589 1183.7219 1135.4235 1225.4031 1155.9355 1095.9316 1050.3721 1112.9533 1137.7261 1150.7702 1159.9664 1167.6748 1173.7185 1176.4471 1175.6992 1173.5219 1171.4529 1169.5488 1168.1959 1168.6031 1157.381 1083.5371 1092.4252 956.7521 962.6186 1040.415 1058.4534 1125.1788 1168.4666 1171.089 1054.3644 1037.5672 1218.9624 1251.392 1270.3927 1312.4971 1383.3419 1389.4027 1288.8341 1219.6796 1199.3681 1196.6556 1190.6499 1185.9911 1189.7144 1206.1374 1266.4179 1507.3223 1263.41 1217.6172
1163.3322 1160.9681 1158.9116 1157.122 1155.623 1154.5153 1154.0156 1154.4848 1156.1924 1157.6986 1151.6375 1133.4166 1159.5598 1204.6274 1099.079 1064.0439 1015.9833 1096.3229 1131.0462 1150.0968 1163.3353 1177.1965 1190.9079 1195.7533 1189.0567 1180.3025 1174.4682 1171.5945 1173.1853 1190.0261 1243.458 1229.397 1109.2628 941.44808 949.75639 1066.5143 1095.9703 1115.9093 1140.1967 1144.837 1094.4562 1100.3465 1194.6168 1238.2298 1282.2159 1389.3806 1759.0068 2009.4383 1283.3469 1125.1147 1128.4283 1209.1149 1209.3532 1195.5335 1190.2056 1196.4073 1190.4044 1296.0948 1237.0918 1208.8523
1167.8548 1164.8668 1161.9823 1159.2236 1156.594 1154.0606 1151.5196 1148.6617 1144.5722 1136.8673 1120.9091 1090.2978 1027.3487 950.61178 1001.1561 1058.5625 1061.4211 1058.2309 1138.3772 1157.569 1169.9052 1193.5731 1223.1561 1253.4731 1217.6441 1191.1357 1179.7609 1174.8448 1175.133 1186.657 1220.6932 1200.8702 1121.2632 1061.9003 1051.9882 1077.3112 1075.7568 1025.0149 1088.8928 1143.8841 1159.3597 1177.4952 1205.873 1234.1518 1279.3558 1396.1104 1828.4346 2106.4023 1160.6685 1127.1994 1174.4543 1278.2717 1239.5767 1195.7034 1176.5166 1178.3376 1177.8188 1169.8619 1192.6058 1191.8579
1173.2829 1169.4378 1165.5006 1161.6009 1157.741 1153.7907 1149.4602 1144.189 1136.8749 1125.3597 1105.503 1068.9075 1000.2753 957.07504 986.07367 1054.4679 1086.0425 1122.5185 1248.2299 1179.6828 1174.1918 1203.4082 1282.1739 1507.8217 1248.4542 1201.0289 1186.8919 1179.644 1176.5719 1177.8071 1171.8304 1150.731 1094.4127 964.58892 960.66687 1061.9076 1055.3852 837.93816 1042.7522 1146.6641 1182.8346 1207.2818 1218.6508 1224.0547 1252.6264 1315.2382 1403.744 1379.6634 1274.487 1238.889 1285.0283 1234.0443 1219.5275 1173.048 1117.4205 1143.2387 1216.1217 1287.2374 1053.0593 1178.3056
1180.8033 1175.4646 1169.9554 1164.5888 1159.3623 1154.0473 1148.2391 1141.334 1132.432 1120.1383 1102.2074 1075.4786 1040.2573 1018.5336 1035.0102 1071.7595 1104.6359 1141.0706 1194.5551 1166.4668 1166.7663 1195.6315 1235.92 1272.9259 1228.4675 1208.0969 1202.9001 1191.8097 1179.625 1175.181 1163.706 1144.8467 1086.8275 825.21669 833.55946 1060.9351 1092.5451 1085.948 1119.843 1166.2217 1210.3727 1275.2005 1268.5355 1169.4741 1205.5757 1252.7144 1282.3798 1273.66 1250.331 1245.1436 1244.657 1231.7182 1198.7551 1128.8632 1021.721 1023.0603 1165.1289 1181.0372 1189.5287 1182.0317
1192.4668 1184.0475 1175.8651 1168.4423 1161.6215 1154.9498 1147.8429 1139.6285 1129.6052 1117.2218 1102.2497 1084.744 1066.6122 1055.331 1060.3695 1083.7653 1114.3591 1135.1349 1136.0703 1115.2785 1140.7884 1180.3577 1255.2375 1237.5564 1211.3468 1234.6838 1276.3218 1234.7032 1189.3748 1172.1204 1168.676 1173.4075 1148.9222 1082.0194 1066.6578 1100.9567 1118.7153 1129.7479 1150.9068 1183.6016 1234.979 1458.9597 1693.7223 760.42573 1149.4855 1220.7738 1244.5958 1250.2051 1245.4699 1237.3744 1228.4592 1215.1923 1191.2715 1147.311 1110.3737 1127.0576 1160.4067 1175.4211 1180.7326 1180.5093
1212.2068 1196.6474 1183.617 1173.2213 1164.5163 1156.4734 1148.1156 1138.428 1126.3485 1111.3893 1095.5824 1081.8819 1065.3692 1038.2528 1016.704 1060.7996 1132.4883 1146.9472 1128.7667 1038.4968 1107.5901 1145.8832 1173.1564 1181.3175 1195.0705 1293.7924 1743.1053 1332.305 1195.8377 1168.9624 1175.305 1271.2057 1287.7188 1158.8348 1129.9353 1125.8984 1123.0396 1121.6679 1147.322 1201.9252 1227.211 1239.9367 1230.8848 1127.6251 1175.2596 1215.6748 1235.2229 1242.9078 1242.2271 1235.9923 1226.1793 1213.2462 1196.7155 1177.7741 1164.4026 1163.8433 1170.1181 1175.4655 1178.0422 1178.3918
1247.1768 1214.3497 1192.9386 1178.5848 1167.8459 1158.5426 1149.0568 1137.6372 1121.4325 1095.1678 1060.1423 1054.3131 1045.9012 963.38231 726.09718 942.998 1207.4038 1325.9069 1182.9834 1067.8864 1042.2091 1113.8176 1136.6632 1142.1946 1155.5173 1216.1112 1335.7851 1237.9659 1168.8889 1151.8618 1154.2446 1106.8818 1205.7573 1164.103 1143.9173 1130.9976 1102.7629 1044.8836 1054.1503 1350.3477 1318.2049 1025.9307 928.18569 1157.2648 1199.8059 1225.9565 1244.5297 1254.4997 1254.8567 1246.9629 1234.1228 1219.3357 1204.4131 1190.9602 1181.2246 1176.6021 1175.9406 1176.8732 1177.6649 1177.5645
1302.181 1234.3889 1201.9337 1183.6067 1171.2071 1161.0694 1150.9508 1138.4075 1118.1468 1070.052 900.11652 962.86904 1038.3776 964.75797 753.66723 944.59185 1244.6569 1516.1099 1232.4652 1069.6382 1049.852 1108.7615 1113.9325 1089.4284 1078.3117 1098.9656 1120.9954 1105.933 1117.5476 1119.3537 1118.0349 1130.4184 1144.075 1146.1437 1144.602 1133.9153 1082.6506 992.78815 896.65854 1461.1897 1391.2281 1173.224 1134.1156 1182.5661 1217.2595 1246.8355 1274.4971 1293.1015 1293.4006 1276.6567 1253.2182 1230.8344 1212.0318 1197.0458 1185.8821 1178.9632 1176.5322 1177.0815 1178.1421 1178.1784
1340.5367 1245.3797 1207.0329 1187.0358 1174.1177 1163.9111 1154.0354 1142.1833 1123.9334 1086.2074 1005.9283 1024.1165 1064.9754 1048.4953 1025.5561 1074.2855 1163.2743 1212.4024 1176.4274 1132.1445 1132.4256 1145.1572 1102.273 996.69806 934.7499 921.19046 1040.3027 930.77744 1072.0544 1072.6439 1008.1665 1073.167 1107.8925 1124.407 1142.8136 1150.6835 1129.0105 1092.4365 1124.6938 1208.5247 1226.0107 1196.581 1188.2527 1205.0769 1236.291 1280.9844 1340.3217 1393.2366 1391.0604 1339.6957 1285.9893 1246.4441 1218.8785 1198.6314 1182.1374 1169.8434 1168.6499 1175.0358 1180.1664 1181.6568
1305.4579 1238.0597 1206.1048 1188.2126 1176.2836 1166.8425 1158.0102 1148.2888 1135.8768 1118.9374 1101.5519 1098.2532 1101.7775 1100.1076 1101.5306 1117.3176 1140.6359 1153.0951 1146.9576 1135.2761 1142.2498 1148.7102 1099.2341 1055.5783 1031.6028 1027.3251 1044.4853 1048.2922 1070.5255 1055.2027 967.40261 990.26919 1054.6574 1043.5513 1131.602 1181.5375 1196.5716 1193.1813 1191.4262 1193.1595 1186.8212 1178.027 1183.0687 1206.5005 1249.1851 1325.0669 1474.0064 1704.4532 1671.0171 1458.5651 1329.7093 1262.139 1223.2104 1196.2738 1167.7985 1120.8667 1133.2522 1171.4121 1188.3433 1193.5417
1252.8111 1221.6066 1201.2418 1187.7024 1177.7903 1169.6507 1162.1943 1154.7057 1146.7477 1138.5546 1131.8446 1128.6758 1128.0632 1128.1647 1129.7949 1134.0559 1138.8113 1139.7092 1134.4658 1124.8715 1113.5234 1097.7575 1079.2303 1062.0249 1054.8915 1042.4603 985.24758 997.05311 1061.421 1072.9367 1035.3509 990.67946 1026.5696 857.68557 1139.9332 1240.338 1292.0101 1286.2771 1242.3684 1197.775 1153.7216 1123.622 1139.4364 1184.3456 1243.6246 1350.1024 1625.3101 2796.5288 2202.1791 1579.0825 1359.5631 1268.8304 1222.3929 1192.8005 1160.1458 1033.4392 1094.0342 1179.9288 1218.805 1237.2683
1221.3161 1207.6625 1196.0449 1186.7254 1179.008 1172.2529 1166.0541 1160.2254 1154.8198 1150.2168 1147.0916 1145.9072 1146.2513 1146.9686 1146.8242 1145.1755 1142.1905 1137.043 1128.0238 1113.3472 1086.2047 1032.4469 1026.8552 1007.1701 1022.2166 1029.7504 811.74034 862.1456 1053.5987 1086.4423 1089.6575 1093.9375 1106.7718 1131.3647 1214.1607 1351.8708 1535.0381 1477.651 1292.3292 1194.4601 1072.2739 910.8866 999.66883 1143.3811 1208.4969 1323.0362 1535.0225 1867.5153 1802.1092 1516.669 1341.7295 1258.1455 1213.4177 1187.8964 1175.3927 1188.9335 1188.8322 1205.6391 1316.5857 1472.5218
