rent-data/shapefiles/interpolated/small-col.asc
NCOLS 30
NROWS 30
XLLCORNER -122.322
YLLCORNER 37.845
DX 0.00317
DY 0.00193
NODATA_VALUE -9999
1157.4886 1157.404 1157.3726 1157.4273 1157.6151 1158.0009 1158.6737 1159.7578 1161.4227 1163.8108 1166.5383 1168.1443 1168.066 1170.3724 1200.6591 1192.0131 1183.9184 1183.2561 1181.4596 1176.6616 1172.2139 1169.2892 1167.4983 1166.3428 1165.4982 1164.8057 1164.1989 1163.654 1163.1633 1162.7239 
1157.2387 1157.1003 1157.0071 1156.9955 1157.12 1157.4602 1158.1312 1159.3123 1161.3163 1164.6682 1169.2981 1171.1483 1170.0348 1164.4533 1156.169 1331.896 1224.9146 1217.2703 1194.8088 1182.2306 1174.2025 1170.0043 1167.8685 1166.6341 1165.7542 1165.022 1164.3689 1163.7776 1163.2458 1162.7724 
1156.9759 1156.7734 1156.6033 1156.5036 1156.5364 1156.7955 1157.4226 1158.6509 1160.9617 1165.5966 1174.9424 1154.2324 1175.4722 1159.9538 1077.8504 1283.8187 1181.6867 1202.3547 1248.0018 1190.6638 1176.7465 1170.4963 1168.1338 1166.9156 1166.0336 1165.264 1164.5555 1163.9081 1163.328 1162.8163 
1156.7033 1156.4258 1156.1612 1155.9474 1155.8519 1155.9834 1156.5078 1157.6983 1160.1589 1165.9269 1186.0106 1246.0252 1188.4158 1161.1381 1126.9577 1164.4158 1168.6213 1212.6809 1699.2769 1204.4354 1180.593 1170.4332 1168.2736 1167.2189 1166.3673 1165.5508 1164.7674 1164.048 1163.4098 1162.8545 
1156.4249 1156.0616 1155.6832 1155.3239 1155.0538 1154.9967 1155.3432 1156.3858 1158.7302 1164.5257 1189.9921 2116.3436 1195.1725 1161.3451 1077.7034 1132.8442 1128.9926 1191.0353 1173.025 1199.1546 1177.8191 1169.4008 1168.3528 1167.6173 1166.81 1165.9116 1165.015 1164.199 1163.4899 1162.8851 
1156.1465 1155.6869 1155.1743 1154.6322 1154.128 1153.8013 1153.8758 1154.6547 1156.6317 1161.1789 1173.7617 1213.5241 1178.1969 1160.6425 1148.5386 1088.4758 1031.8662 1264.0408 1156.991 1177.3278 1166.6862 1167.5461 1168.5942 1168.2411 1167.4556 1166.3872 1165.3082 1164.3607 1163.5659 1162.9057 
1155.8755 1155.311 1154.6438 1153.8759 1153.0595 1152.349 1152.0251 1152.4264 1153.9147 1157.0418 1161.0152 1158.7614 1164.1736 1150.7204 1156.3038 1125.1799 1153.3819 1120.6089 1195.4624 1183.3151 1105.8127 1166.708 1169.2915 1169.3123 1168.4767 1167.0298 1165.6513 1164.5282 1163.6328 1162.9125 
1155.6206 1154.9465 1154.1068 1153.0657 1151.8334 1150.565 1149.6469 1149.5321 1150.5036 1152.7826 1155.7662 1157.6832 1157.2054 1104.5743 1159.2898 1119.1404 1156.9562 1093.5534 1202.8212 1220.5118 1130.0531 1171.2475 1169.9564 1171.4149 1170.2225 1167.8891 1166.0338 1164.6903 1163.6838 1162.9011 
1155.3924 1154.6093 1153.5866 1152.2259 1150.4419 1148.3295 1146.4595 1145.5921 1145.934 1147.764 1151.2284 1152.6931 1151.519 1154.4521 1176.5046 1177.4343 1265.4975 1223.8561 1256.5087 1184.302 1179.6991 1180.3811 1162.0478 1177.5257 1173.3751 1168.9535 1166.4166 1164.8285 1163.7099 1162.8664 
1155.202 1154.3188 1153.1157 1151.403 1148.9047 1145.4548 1141.8608 1139.7671 1138.8854 1139.7214 1146.0944 1147.4721 1138.2921 1150.4694 1223.5486 1118.1065 1180.8918 1171.8122 1085.2411 1169.8373 1199.7344 1236.8642 554.17328 1201.281 1178.7184 1170.0142 1166.7284 1164.9209 1163.7022 1162.8032 
1155.0601 1154.0957 1152.7355 1150.6764 1147.3186 1141.6981 1134.3384 1130.191 1124.1469 1120.0929 1138.8484 1142.1368 1064.4616 1116.651 1296.4255 1297.6119 1168.2371 1158.1406 1131.7264 1192.774 1229.2275 1177.3229 1176.3702 1530.0441 1183.8092 1170.5943 1166.8946 1164.951 1163.6533 1162.7067 
1154.9758 1153.9588 1152.4909 1150.1585 1145.9396 1137.0421 1119.146 1112.8582 1038.5147 1068.1782 1137.7307 1140.3099 1136.7142 1093.7479 1140.3581 1306.6902 1220.3256 1231.2604 1137.2961 1180.058 1253.0773 1177.7137 1179.5022 1244.3584 1180.7554 1170.3885 1166.9025 1164.9167 1163.5588 1162.572 
1154.9544 1153.9212 1152.418 1149.9693 1145.2157 1132.8974 1079.0642 1048.7226 1108.6228 1098.6382 1056.364 1151.13 1147.0257 1135.763 1197.6797 1118.3114 1195.3117 1807.8524 1242.2251 1133.9327 1179.22 1156.5923 1170.1975 1180.2314 1175.0155 1169.8404 1166.8323 1164.8297 1163.4153 1162.394 
1154.997 1153.9855 1152.5299 1150.1774 1145.5583 1132.7674 1061.2382 1028.446 1151.1819 1185.3409 1118.5366 1161.6905 1145.862 1112.9136 1127.5488 1063.5674 1167.189 1316.3429 1160.0963 1258.8492 1162.9137 1140.8485 1166.5362 1173.7538 1172.9966 1169.6568 1166.7917 1164.6998 1163.2167 1162.1664 
1155.0994 1154.1428 1152.8071 1150.7444 1146.9371 1136.5004 1068.6642 1223.1724 1057.3877 1110.9854 1045.4882 1162.1087 1173.2412 1107.6114 1158.039 1149.2417 1219.1561 1106.801 1131.9451 1180.2568 1138.8475 1149.8063 1169.5479 1177.0262 1174.2696 1170.0925 1166.8129 1164.5145 1162.9491 1161.8806 
1155.2535 1154.3744 1153.2018 1151.5296 1148.8568 1142.9063 1115.4495 1517.3364 1183.4627 1232.1897 1235.0271 1530.5661 1366.2481 1150.7157 1074.4844 1128.5756 1139.0314 1160.2374 1157.6797 1152.3282 1148.6193 1155.8273 1181.7428 1188.9694 1177.3102 1170.8936 1166.8045 1164.2277 1162.5901 1161.5262 
1155.4492 1154.6572 1153.6561 1152.3608 1150.6696 1148.5769 1141.8742 1461.3902 1133.3424 1230.9155 971.35039 1455.1452 1408.8904 830.52319 1125.8854 1250.7053 1133.146 1099.7179 1146.4807 1145.1447 1146.3505 1145.9715 1218.2452 1213.0245 1178.6943 1171.5205 1166.5747 1163.7665 1162.1117 1161.0934 
1155.6763 1154.9701 1154.1219 1153.116 1152.0005 1150.8998 1144.942 1139.6737 1160.0547 1144.9583 1189.605 2071.1516 1141.8547 1135.3815 1186.8985 1128.0961 1158.1505 1135.5831 1139.8112 1096.5212 1161.443 945.60864 1244.9932 1246.4121 1182.8762 1171.3831 1165.8953 1163.0536 1161.4895 1160.5762 
1155.9266 1155.2982 1154.5724 1153.7566 1152.8978 1151.8984 1104.5353 1183.5417 1015.2794 1114.6409 1122.6625 1244.9074 1174.7057 1101.9852 1049.7719 1226.5525 1129.3314 862.52486 1101.2514 1151.6269 1148.2191 1045.1249 1300.8846 1215.1654 1181.1899 1169.8654 1164.5812 1162.0351 1160.7123 1159.9759 
1156.1945 1155.6334 1155.0012 1154.3031 1153.5536 1152.7097 1152.8278 1088.1386 1134.0357 1141.8299 1291.7212 1130.5172 1099.109 1174.4969 2810.4403 1253.5755 1089.4514 1073.035 1082.2344 1173.2624 1034.2753 1105.4945 1241.2733 1190.7368 1176.0957 1166.6848 1162.556 1160.7063 1159.7919 1159.3048 
1156.4768 1155.974 1155.4145 1154.7943 1154.1026 1153.3656 1154.8148 1156.0607 1170.2142 1196.8905 1132.701 1128.0722 1503.7839 1151.4993 1192.9832 1185.7187 1250.4989 1101.0252 990.6647 1235.1634 1060.2708 1073.3941 1209.8108 1182.7839 1168.7015 1161.8187 1159.8651 1159.1259 1158.7674 1158.5867 
1156.7726 1156.3214 1155.8229 1155.2652 1154.6196 1153.8584 1153.2079 1152.38 1152.7757 1112.3438 1069.428 1035.5135 1118.0187 1164.6954 1232.6574 1131.294 1171.788 1129.6203 1114.8581 1159.8493 1176.8772 1159.1984 1166.5353 1211.8996 1156.3483 1154.6318 1156.7011 1157.4244 1157.7037 1157.8553 
1157.082 1156.6783 1156.2361 1155.7406 1155.1556 1154.4034 1153.2892 1151.2925 1151.4603 1136.7354 1232.3456 1156.5521 1049.0263 1239.8528 1077.2204 1126.6776 1153.4033 1264.3563 1219.1537 1211.2441 1121.0325 1155.5035 1141.6108 1283.708 1058.5239 1144.9503 1153.564 1155.7956 1156.6816 1157.149 
1157.4055 1157.0472 1156.6605 1156.234 1155.7376 1155.1016 1154.1544 1152.5225 1148.7806 1140.8983 1183.6846 1158.7772 1164.0552 1142.0872 1087.8794 1187.4723 1203.7219 1138.7786 1141.2213 1108.5638 1149.0584 1093.0369 1110.0749 1139.5306 983.34085 1138.605 1151.2632 1154.4436 1155.7781 1156.5044 
1157.7441 1157.4298 1157.0991 1156.7482 1156.3655 1155.9279 1155.4099 1154.9102 1155.0536 1147.6999 1173.8431 1034.5756 1213.9744 1124.9353 1455.3258 1178.8281 1035.457 1126.5599 1121.5199 1082.093 1111.0408 1052.2105 1079.4385 1129.4578 1129.462 1141.2235 1150.249 1153.4878 1155.0456 1155.9493 
1158.0987 1157.8271 1157.5516 1157.2786 1157.0195 1156.8069 1156.7668 1157.5281 1166.5594 1167.2931 1267.2398 1206.7814 1519.4977 1136.3817 1174.9489 1087.024 1175.1814 1313.8264 994.13402 982.7598 1095.6564 1156.1719 1284.0982 1145.4526 1140.5726 1145.1852 1150.1428 1152.9136 1154.5005 1155.4989 
1158.4706 1158.2397 1158.0166 1157.8173 1157.6736 1157.6606 1157.9919 1159.4507 1167.893 1171.2055 1184.6588 1248.377 1101.5327 920.37959 1188.0441 1161.0601 1058.821 1105.2997 1140.7028 1100.7413 1130.1367 1130.6066 1229.2933 1143.1081 1144.5493 1147.2801 1150.3686 1152.625 1154.1298 1155.1562 
1158.8616 1158.669 1158.4931 1158.3574 1158.3068 1158.4369 1158.9706 1160.4814 1164.1698 1168.8717 1178.9834 1200.0373 1176.36 1012.0079 999.967 1170.8515 1140.4884 1158.9008 1140.6433 1128.3632 1133.6832 1131.2541 1134.5371 1142.9996 1145.9934 1148.3659 1150.6594 1152.5249 1153.9062 1154.9154 
1159.2746 1159.1175 1158.9825 1158.8965 1158.9098 1159.118 1159.7078 1161.0223 1163.4472 1167.0193 1172.4279 1176.1822 1160.5267 1205.5527 1039.4717 1439.3342 1137.8988 1158.9989 1146.4558 1138.8968 1138.4231 1138.4318 1140.1273 1144.2095 1146.9629 1149.0851 1150.9657 1152.55 1153.8015 1154.7663 
1159.7138 1159.59 1159.489 1159.4382 1159.4857 1159.7153 1160.2645 1161.3253 1163.0448 1165.3676 1167.7214 1166.7524 1160.2338 1143.0421 1166.3308 1165.6146 1184.2721 1158.7794 1150.0724 1144.4291 1142.5455 1142.3811 1143.4868 1145.7609 1147.8967 1149.7073 1151.298 1152.6653 1153.7919 1154.6971 
